Name,Symbol,Date,Open,High,Low,Close,Adj Close,Volume
Aston Martin Cognizant Fan Token USD,AM-USD,2021-07-06,10.501667022705078,10.980168342590332,8.712575912475586,9.456419944763184,9.456419944763184,0
Aston Martin Cognizant Fan Token USD,AM-USD,2021-07-07,9.461230278015137,9.958832740783691,7.021519184112549,7.20822811126709,7.20822811126709,0
Aston Martin Cognizant Fan Token USD,AM-USD,2021-07-08,7.227212905883789,7.874077796936035,5.139005184173584,5.244410991668701,5.244410991668701,0
Aston Martin Cognizant Fan Token USD,AM-USD,2021-07-09,5.243916988372803,5.649876117706299,4.702813148498535,5.007340908050537,5.007340908050537,0
Aston Martin Cognizant Fan Token USD,AM-USD,2021-07-10,4.978076934814453,5.252302169799805,4.277566909790039,4.643796920776367,4.643796920776367,0
Aston Martin Cognizant Fan Token USD,AM-USD,2021-07-11,4.645077228546143,4.926241874694824,4.440968990325928,4.742035865783691,4.742035865783691,0
Aston Martin Cognizant Fan Token USD,AM-USD,2021-07-12,4.740109920501709,5.003363132476807,4.134915828704834,4.232645988464356,4.232645988464356,0
Aston Martin Cognizant Fan Token USD,AM-USD,2021-07-13,4.232396125793457,4.563368797302246,4.058483123779297,4.160995006561279,4.160995006561279,0
Aston Martin Cognizant Fan Token USD,AM-USD,2021-07-14,4.16393518447876,4.544546127319336,3.8683419227600098,4.218916893005371,4.218916893005371,0
Aston Martin Cognizant Fan Token USD,AM-USD,2021-07-15,4.223590850830078,4.639906883239746,4.067287921905518,4.134852886199951,4.134852886199951,0
Aston Martin Cognizant Fan Token USD,AM-USD,2021-07-16,4.140706062316895,4.276549816131592,3.595526933670044,3.796180009841919,3.796180009841919,0
Aston Martin Cognizant Fan Token USD,AM-USD,2021-07-17,3.795538902282715,3.9683239459991455,3.6868550777435294,3.900568962097168,3.900568962097168,0
Aston Martin Cognizant Fan Token USD,AM-USD,2021-07-18,3.904851913452149,3.992661952972412,3.577781915664673,3.671076059341431,3.671076059341431,0
Aston Martin Cognizant Fan Token USD,AM-USD,2021-07-19,3.6723439693450928,3.845383882522583,3.451603889465332,3.491442918777466,3.491442918777466,0
Aston Martin Cognizant Fan Token USD,AM-USD,2021-07-20,3.485160112380981,3.5323379039764404,3.0204620361328125,3.2002999782562256,3.2002999782562256,0
Aston Martin Cognizant Fan Token USD,AM-USD,2021-07-21,3.2002999782562256,3.6184160709381104,3.0999701023101807,3.57794189453125,3.57794189453125,0
Aston Martin Cognizant Fan Token USD,AM-USD,2021-07-22,3.578587055206299,3.99896502494812,3.4623680114746094,3.740696907043457,3.740696907043457,0
Aston Martin Cognizant Fan Token USD,AM-USD,2021-07-23,3.7386529445648193,4.315043926239014,3.710127115249634,4.132151126861572,4.132151126861572,0
Aston Martin Cognizant Fan Token USD,AM-USD,2021-07-24,4.136092185974121,4.68276309967041,4.050974845886231,4.342687129974365,4.342687129974365,0
Aston Martin Cognizant Fan Token USD,AM-USD,2021-07-25,4.342687129974365,4.93598222732544,4.161771774291992,4.4385762214660645,4.4385762214660645,0
Aston Martin Cognizant Fan Token USD,AM-USD,2021-07-26,4.4385762214660645,4.833972930908203,3.9977641105651855,4.08373498916626,4.08373498916626,0
Aston Martin Cognizant Fan Token USD,AM-USD,2021-07-27,4.077567100524902,4.320341110229492,3.85398006439209,3.9836370944976807,3.9836370944976807,0
Aston Martin Cognizant Fan Token USD,AM-USD,2021-07-28,3.983874082565308,4.153493881225586,3.8520829677581774,4.004347801208496,4.004347801208496,0
Aston Martin Cognizant Fan Token USD,AM-USD,2021-07-29,4.002391815185547,4.080599784851074,3.849116086959839,3.9500770568847656,3.9500770568847656,0
Aston Martin Cognizant Fan Token USD,AM-USD,2021-07-30,3.955077886581421,4.084287166595459,3.824498891830444,4.005404949188232,4.005404949188232,0
Aston Martin Cognizant Fan Token USD,AM-USD,2021-07-31,4.014998912811279,4.100502014160156,3.908004999160767,4.054897785186768,4.054897785186768,0
Aston Martin Cognizant Fan Token USD,AM-USD,2021-08-01,4.046473026275635,4.271491050720215,3.93295693397522,3.970716953277588,3.970716953277588,0
Aston Martin Cognizant Fan Token USD,AM-USD,2021-08-02,3.970716953277588,4.152267932891846,3.942468881607056,3.992806911468506,3.992806911468506,0
Aston Martin Cognizant Fan Token USD,AM-USD,2021-08-03,3.9996259212493896,4.877693176269531,3.776226043701172,4.828197002410889,4.828197002410889,0
Aston Martin Cognizant Fan Token USD,AM-USD,2021-08-04,4.493207931518555,4.947999000549316,4.016895771026611,4.287501811981201,4.287501811981201,0
Aston Martin Cognizant Fan Token USD,AM-USD,2021-08-05,4.2836079597473145,4.289247035980225,3.9144399166107178,4.054471015930176,4.054471015930176,0
Aston Martin Cognizant Fan Token USD,AM-USD,2021-08-06,4.053485870361328,4.245296001434326,3.216315984725952,3.839519023895264,3.839519023895264,0
Aston Martin Cognizant Fan Token USD,AM-USD,2021-08-07,3.8389430046081534,3.999708890914917,3.1926488876342773,3.492773056030273,3.492773056030273,0
Aston Martin Cognizant Fan Token USD,AM-USD,2021-08-08,3.4820120334625244,3.6178910732269287,3.08890700340271,3.271634101867676,3.271634101867676,0
Aston Martin Cognizant Fan Token USD,AM-USD,2021-08-09,3.2774250507354736,3.922390937805176,3.112807035446167,3.5191750526428223,3.5191750526428223,0
Aston Martin Cognizant Fan Token USD,AM-USD,2021-08-10,3.52190899848938,3.863853931427002,3.2395269870758057,3.387203931808472,3.387203931808472,0
Aston Martin Cognizant Fan Token USD,AM-USD,2021-08-11,3.390898942947388,3.629801034927368,3.028388023376465,3.2284600734710693,3.2284600734710693,0
Aston Martin Cognizant Fan Token USD,AM-USD,2021-08-12,3.2206199169158936,3.4726688861846924,2.8306639194488525,3.299868106842041,3.299868106842041,0
Aston Martin Cognizant Fan Token USD,AM-USD,2021-08-13,3.298006057739258,3.7174999713897705,3.140476942062378,3.628599882125856,3.628599882125856,0
Aston Martin Cognizant Fan Token USD,AM-USD,2021-08-14,3.619529962539673,3.619529962539673,3.3278939723968506,3.451785087585449,3.451785087585449,0
Aston Martin Cognizant Fan Token USD,AM-USD,2021-08-15,3.454693078994751,3.471599102020264,3.27401089668274,3.425870895385742,3.425870895385742,0
Aston Martin Cognizant Fan Token USD,AM-USD,2021-08-16,3.4250619411468506,3.5621140003204346,3.090019941329956,3.2090260982513428,3.2090260982513428,0
Aston Martin Cognizant Fan Token USD,AM-USD,2021-08-17,3.202723979949951,3.4392619132995605,2.9595649242401123,3.131614923477173,3.131614923477173,0
Aston Martin Cognizant Fan Token USD,AM-USD,2021-08-18,3.134058952331543,3.468317031860352,2.93624210357666,3.260564088821411,3.260564088821411,0
Aston Martin Cognizant Fan Token USD,AM-USD,2021-08-19,3.2529311180114746,3.3029770851135254,3.003582000732422,3.2427549362182617,3.2427549362182617,0
Aston Martin Cognizant Fan Token USD,AM-USD,2021-08-20,3.2472050189971924,3.453033924102783,3.095447063446045,3.250308990478516,3.250308990478516,0
Aston Martin Cognizant Fan Token USD,AM-USD,2021-08-21,3.250169038772583,3.659122943878174,3.1826839447021484,3.375808000564575,3.375808000564575,0
Aston Martin Cognizant Fan Token USD,AM-USD,2021-08-22,3.3594119548797607,3.5021939277648926,3.041318893432617,3.241223096847534,3.241223096847534,0
Aston Martin Cognizant Fan Token USD,AM-USD,2021-08-23,3.238962888717652,3.5390400886535645,3.189740896224976,3.313852071762085,3.313852071762085,0
Aston Martin Cognizant Fan Token USD,AM-USD,2021-08-24,3.3193359375,3.430290937423706,2.8449370861053467,3.2181999683380127,3.2181999683380127,0
Aston Martin Cognizant Fan Token USD,AM-USD,2021-08-25,3.210268020629883,3.372939109802246,2.5441839694976807,3.174679040908813,3.174679040908813,0
Aston Martin Cognizant Fan Token USD,AM-USD,2021-08-26,3.177915096282959,3.2373359203338623,2.8545260429382324,2.932353973388672,2.932353973388672,0
Aston Martin Cognizant Fan Token USD,AM-USD,2021-08-27,2.9333529472351074,3.0941250324249268,2.780919075012207,3.0621678829193115,3.0621678829193115,0
Aston Martin Cognizant Fan Token USD,AM-USD,2021-08-28,3.0641849040985107,3.2040820121765137,2.834830045700073,3.01517105102539,3.01517105102539,0
Aston Martin Cognizant Fan Token USD,AM-USD,2021-08-29,3.146347999572754,3.3417749404907227,2.980586051940918,3.1163909435272217,3.1163909435272217,0
Aston Martin Cognizant Fan Token USD,AM-USD,2021-08-30,3.1271209716796875,3.3446199893951416,2.9111979007720947,2.9332499504089355,2.9332499504089355,0
Aston Martin Cognizant Fan Token USD,AM-USD,2021-08-31,2.93019700050354,3.312385082244873,2.805804967880249,2.9371559619903564,2.9371559619903564,0
Aston Martin Cognizant Fan Token USD,AM-USD,2021-09-01,2.873652935028076,3.10713005065918,2.7647509574890137,2.9431490898132324,2.9431490898132324,0
Aston Martin Cognizant Fan Token USD,AM-USD,2021-09-02,2.950498104095459,3.0895590782165527,2.7318999767303467,2.871303081512451,2.871303081512451,0
Aston Martin Cognizant Fan Token USD,AM-USD,2021-09-03,2.8716421127319336,3.1194510459899902,2.739185094833374,3.0267980098724365,3.0267980098724365,0
Aston Martin Cognizant Fan Token USD,AM-USD,2021-09-04,3.0281169414520264,3.2928619384765625,2.87112808227539,3.051992893218994,3.051992893218994,0
Aston Martin Cognizant Fan Token USD,AM-USD,2021-09-05,3.0537710189819336,3.208024024963379,2.752413034439087,2.865642070770264,2.865642070770264,0
Aston Martin Cognizant Fan Token USD,AM-USD,2021-09-06,2.864264965057373,3.1257989406585693,2.661850929260254,3.1257989406585693,3.1257989406585693,0
Aston Martin Cognizant Fan Token USD,AM-USD,2021-09-07,3.122692108154297,3.122692108154297,2.0010440349578857,2.3255960941314697,2.3255960941314697,0
Aston Martin Cognizant Fan Token USD,AM-USD,2021-09-08,2.3258190155029297,2.458699941635132,2.107393980026245,2.2979650497436523,2.2979650497436523,0
Aston Martin Cognizant Fan Token USD,AM-USD,2021-09-09,2.2739648818969727,2.505270004272461,2.181437015533448,2.3629679679870605,2.3629679679870605,0
Aston Martin Cognizant Fan Token USD,AM-USD,2021-09-10,2.3628499507904053,2.4716150760650635,2.096013069152832,2.324702978134156,2.324702978134156,0
Aston Martin Cognizant Fan Token USD,AM-USD,2021-09-11,2.324709892272949,2.407026052474976,2.2159769535064697,2.3178369998931885,2.3178369998931885,0
Aston Martin Cognizant Fan Token USD,AM-USD,2021-09-12,2.3220601081848145,2.455051898956299,2.189423084259033,2.3516340255737305,2.3516340255737305,0
Aston Martin Cognizant Fan Token USD,AM-USD,2021-09-13,2.3506929874420166,2.4183719158172607,2.099600076675415,2.266331911087036,2.266331911087036,0
Aston Martin Cognizant Fan Token USD,AM-USD,2021-09-14,2.2673211097717285,2.43892788887024,2.142925977706909,2.298580884933472,2.298580884933472,0
Aston Martin Cognizant Fan Token USD,AM-USD,2021-09-15,2.298705101013184,2.5078110694885254,2.1919209957122803,2.404226064682007,2.404226064682007,0
Aston Martin Cognizant Fan Token USD,AM-USD,2021-09-16,2.405317068099976,2.991131067276001,2.302220106124878,2.6019299030303955,2.6019299030303955,0
Aston Martin Cognizant Fan Token USD,AM-USD,2021-09-17,2.602516889572144,2.970771074295044,2.506053924560547,2.711000919342041,2.711000919342041,0
Aston Martin Cognizant Fan Token USD,AM-USD,2021-09-18,2.7150049209594727,2.9361300468444824,2.6080000400543213,2.727994918823242,2.727994918823242,0
Aston Martin Cognizant Fan Token USD,AM-USD,2021-09-19,2.730506896972656,2.916002035140991,2.485512018203736,2.6746060848236084,2.6746060848236084,0
Aston Martin Cognizant Fan Token USD,AM-USD,2021-09-20,2.6734039783477783,2.7387449741363525,2.228224039077759,2.252700090408325,2.252700090408325,0
Aston Martin Cognizant Fan Token USD,AM-USD,2021-09-21,2.2456769943237305,2.420372009277344,2.091053009033203,2.1436009407043457,2.1436009407043457,0
Aston Martin Cognizant Fan Token USD,AM-USD,2021-09-22,2.1626200675964355,2.543950080871582,2.095932006835937,2.400064945220948,2.400064945220948,0
Aston Martin Cognizant Fan Token USD,AM-USD,2021-09-23,2.402472972869873,2.5522689819335938,2.2050530910491943,2.4016571044921875,2.4016571044921875,0
Aston Martin Cognizant Fan Token USD,AM-USD,2021-09-24,2.400979995727539,2.4543440341949463,2.089179039001465,2.2392890453338623,2.2392890453338623,0
Aston Martin Cognizant Fan Token USD,AM-USD,2021-09-25,2.2408080101013184,2.40863299369812,2.1339240074157715,2.2407679557800293,2.2407679557800293,0
Aston Martin Cognizant Fan Token USD,AM-USD,2021-09-26,2.2369229793548584,2.4404470920562744,2.074841022491455,2.167449951171875,2.167449951171875,0
Aston Martin Cognizant Fan Token USD,AM-USD,2021-09-27,2.16596794128418,2.4214799404144287,2.046426057815552,2.0696001052856445,2.0696001052856445,0
Aston Martin Cognizant Fan Token USD,AM-USD,2021-09-28,2.0705349445343018,2.319786071777344,2.007936954498291,2.0387508869171143,2.0387508869171143,0
Aston Martin Cognizant Fan Token USD,AM-USD,2021-09-29,2.041106939315796,2.247720956802368,1.9858570098876955,2.09001898765564,2.09001898765564,0
Aston Martin Cognizant Fan Token USD,AM-USD,2021-09-30,2.0924630165100098,2.229327917098999,2.075148105621338,2.166699886322021,2.166699886322021,0
Aston Martin Cognizant Fan Token USD,AM-USD,2021-10-01,2.167552947998047,2.453131914138794,2.113909959793091,2.315891027450561,2.315891027450561,0
Aston Martin Cognizant Fan Token USD,AM-USD,2021-10-02,2.310317039489746,2.437416076660156,2.245347023010254,2.291301012039185,2.291301012039185,0
Aston Martin Cognizant Fan Token USD,AM-USD,2021-10-03,2.288506031036377,2.379307985305786,2.2298030853271484,2.2679250240325928,2.2679250240325928,0
Aston Martin Cognizant Fan Token USD,AM-USD,2021-10-04,2.2671000957489014,2.303210020065308,2.13104510307312,2.213866949081421,2.213866949081421,0
Aston Martin Cognizant Fan Token USD,AM-USD,2021-10-05,2.214057922363281,2.3803069591522217,2.0927839279174805,2.209153890609741,2.209153890609741,0
Aston Martin Cognizant Fan Token USD,AM-USD,2021-10-06,2.213515043258667,2.522304058074951,2.016653060913086,2.2073891162872314,2.2073891162872314,0
Aston Martin Cognizant Fan Token USD,AM-USD,2021-10-07,2.203310012817383,2.7851390838623047,2.0917019844055176,2.4013168811798096,2.4013168811798096,0
Aston Martin Cognizant Fan Token USD,AM-USD,2021-10-08,2.388676881790161,2.5447640419006348,2.13628888130188,2.2686660289764404,2.2686660289764404,0
Aston Martin Cognizant Fan Token USD,AM-USD,2021-10-09,2.2773120403289795,2.343682050704956,2.095531940460205,2.224530935287476,2.224530935287476,0
Aston Martin Cognizant Fan Token USD,AM-USD,2021-10-10,2.2350239753723145,2.5163729190826416,2.139604091644287,2.151515007019043,2.151515007019043,0
Aston Martin Cognizant Fan Token USD,AM-USD,2021-10-11,2.150631904602051,2.368330955505371,2.024023056030273,2.0920209884643555,2.0920209884643555,0
Aston Martin Cognizant Fan Token USD,AM-USD,2021-10-12,2.091914892196656,2.254523992538452,1.9564110040664675,2.103317975997925,2.103317975997925,0
Aston Martin Cognizant Fan Token USD,AM-USD,2021-10-13,2.099307060241699,2.331015110015869,1.9761409759521484,2.191159009933472,2.191159009933472,0
Aston Martin Cognizant Fan Token USD,AM-USD,2021-10-14,2.1912600994110107,2.3599770069122314,2.1260321140289307,2.2649619579315186,2.2649619579315186,0
Aston Martin Cognizant Fan Token USD,AM-USD,2021-10-15,2.218611001968384,2.278573989868164,2.093280076980591,2.1132280826568604,2.1132280826568604,0
Aston Martin Cognizant Fan Token USD,AM-USD,2021-10-16,2.111320972442627,2.2593770027160645,2.0420820713043213,2.159096956253052,2.159096956253052,0
Aston Martin Cognizant Fan Token USD,AM-USD,2021-10-17,2.1598470211029053,2.251940965652466,2.0021090507507324,2.080665111541748,2.080665111541748,0
Aston Martin Cognizant Fan Token USD,AM-USD,2021-10-18,2.0800321102142334,2.293572902679444,2.034640073776245,2.10952091217041,2.10952091217041,0
Aston Martin Cognizant Fan Token USD,AM-USD,2021-10-19,2.107562065124512,2.266963005065918,2.079663038253784,2.1305301189422607,2.1305301189422607,0
Aston Martin Cognizant Fan Token USD,AM-USD,2021-10-20,2.132299900054932,2.328542947769165,2.059312105178833,2.24672794342041,2.24672794342041,0
Aston Martin Cognizant Fan Token USD,AM-USD,2021-10-21,2.2472469806671143,2.310288906097412,2.086988925933838,2.107614040374756,2.107614040374756,0
Aston Martin Cognizant Fan Token USD,AM-USD,2021-10-22,2.1056039333343506,2.413141965866089,2.045228958129883,2.067905902862549,2.067905902862549,0
Aston Martin Cognizant Fan Token USD,AM-USD,2021-10-23,2.065387964248657,2.227245092391968,1.95281195640564,2.1090660095214844,2.1090660095214844,0
Aston Martin Cognizant Fan Token USD,AM-USD,2021-10-24,2.114219903945923,2.119127988815308,1.9680800437927248,2.021449089050293,2.021449089050293,0
Aston Martin Cognizant Fan Token USD,AM-USD,2021-10-25,2.021368980407715,2.157741069793701,1.95871102809906,2.0426270961761475,2.0426270961761475,0
Aston Martin Cognizant Fan Token USD,AM-USD,2021-10-26,2.043267011642456,2.182044982910156,1.7513329982757568,1.7513329982757568,1.7513329982757568,0
Aston Martin Cognizant Fan Token USD,AM-USD,2021-10-27,1.7499589920043943,2.024507999420166,1.5045160055160522,1.7258570194244385,1.7258570194244385,0
Aston Martin Cognizant Fan Token USD,AM-USD,2021-10-28,1.7330739498138428,1.9045679569244385,1.6927160024642944,1.797413945198059,1.797413945198059,0
Aston Martin Cognizant Fan Token USD,AM-USD,2021-10-29,1.797381043434143,1.958683967590332,1.6626969575881958,1.8058099746704104,1.8058099746704104,0
Aston Martin Cognizant Fan Token USD,AM-USD,2021-10-30,1.808673977851868,2.9321229457855225,1.6645100116729736,2.298551082611084,2.298551082611084,0
Aston Martin Cognizant Fan Token USD,AM-USD,2021-10-31,2.239983081817627,2.545039892196656,1.6282639503479004,1.829421043395996,1.829421043395996,0
Aston Martin Cognizant Fan Token USD,AM-USD,2021-11-01,1.8298159837722776,1.989406943321228,1.612957000732422,1.7608779668807983,1.7608779668807983,0
Aston Martin Cognizant Fan Token USD,AM-USD,2021-11-02,1.7641880512237549,2.00472092628479,1.6633470058441162,1.7750999927520752,1.7750999927520752,0
Aston Martin Cognizant Fan Token USD,AM-USD,2021-11-03,1.7771509885787964,1.8424240350723269,1.6246659755706787,1.7856509685516355,1.7856509685516355,0
Aston Martin Cognizant Fan Token USD,AM-USD,2021-11-04,1.789800047874451,2.032551050186157,1.6189769506454468,1.7082990407943726,1.7082990407943726,134067
Aston Martin Cognizant Fan Token USD,AM-USD,2021-11-05,1.7083760499954224,2.020167112350464,1.680722951889038,1.7730040550231934,1.7730040550231934,131695
Aston Martin Cognizant Fan Token USD,AM-USD,2021-11-06,1.7702399492263794,2.0199530124664307,1.667618989944458,1.91459596157074,1.91459596157074,138423
Aston Martin Cognizant Fan Token USD,AM-USD,2021-11-07,1.915140986442566,2.041156053543091,1.7400699853897097,1.89284098148346,1.89284098148346,128698
Aston Martin Cognizant Fan Token USD,AM-USD,2021-11-08,1.8899970054626465,2.033971071243286,1.7591010332107544,1.8849049806594849,1.8849049806594849,128468
Aston Martin Cognizant Fan Token USD,AM-USD,2021-11-09,1.885638952255249,1.9723889827728271,1.7212330102920532,1.7889549732208252,1.7889549732208252,111668
Aston Martin Cognizant Fan Token USD,AM-USD,2021-11-10,1.7884509563446045,1.990272045135498,1.5975500345230105,1.7667829990386963,1.7667829990386963,120877
Aston Martin Cognizant Fan Token USD,AM-USD,2021-11-11,1.7737469673156738,1.9391429424285889,1.708508014678955,1.907974004745484,1.907974004745484,93627
Aston Martin Cognizant Fan Token USD,AM-USD,2021-11-12,1.9051309823989868,2.094602108001709,1.5623500347137451,1.8246910572052,1.8246910572052,135118
Aston Martin Cognizant Fan Token USD,AM-USD,2021-11-13,1.824136972427368,2.10192608833313,1.749356031417847,1.867377996444702,1.867377996444702,142632
Aston Martin Cognizant Fan Token USD,AM-USD,2021-11-14,1.8650239706039429,2.061147928237915,1.8070720434188845,1.9062329530715945,1.9062329530715945,130787
Aston Martin Cognizant Fan Token USD,AM-USD,2021-11-15,1.906044006347656,2.0567309856414795,1.7233610153198242,1.7976889610290527,1.7976889610290527,122586
Aston Martin Cognizant Fan Token USD,AM-USD,2021-11-16,1.7929450273513794,1.8104039430618288,1.6043189764022827,1.7111589908599854,1.7111589908599854,95403
Aston Martin Cognizant Fan Token USD,AM-USD,2021-11-17,1.7091339826583862,1.805562973022461,1.5986089706420898,1.6433520317077637,1.6433520317077637,79630
Aston Martin Cognizant Fan Token USD,AM-USD,2021-11-18,1.6429500579833984,1.7636350393295288,1.433374047279358,1.491698980331421,1.491698980331421,88068
Aston Martin Cognizant Fan Token USD,AM-USD,2021-11-19,1.49298095703125,1.6013829708099363,1.4258840084075928,1.5453259944915771,1.5453259944915771,91160
Aston Martin Cognizant Fan Token USD,AM-USD,2021-11-20,1.5468709468841553,1.68150794506073,1.4809329509735107,1.5711820125579834,1.5711820125579834,81317
Aston Martin Cognizant Fan Token USD,AM-USD,2021-11-21,1.5750620365142822,1.6107490062713623,1.4736759662628174,1.485903024673462,1.485903024673462,73459
Aston Martin Cognizant Fan Token USD,AM-USD,2021-11-22,1.4893280267715454,1.4997999668121338,1.3490699529647827,1.4389430284500122,1.4389430284500122,76117
Aston Martin Cognizant Fan Token USD,AM-USD,2021-11-23,1.4373699426651,1.5391730070114136,1.3736920356750488,1.4085259437561035,1.4085259437561035,78797
Aston Martin Cognizant Fan Token USD,AM-USD,2021-11-24,1.4077039957046509,1.6583789587020874,1.3530800342559814,1.37214994430542,1.37214994430542,76570
Aston Martin Cognizant Fan Token USD,AM-USD,2021-11-25,1.5058859586715698,1.7082879543304443,1.4483089447021484,1.55205500125885,1.55205500125885,115452
Aston Martin Cognizant Fan Token USD,AM-USD,2021-11-26,1.569201946258545,1.579005002975464,1.313207983970642,1.404502034187317,1.404502034187317,94734
Aston Martin Cognizant Fan Token USD,AM-USD,2021-11-27,1.406203031539917,1.4735859632492063,1.2885019779205322,1.4006439447402954,1.4006439447402954,68113
Aston Martin Cognizant Fan Token USD,AM-USD,2021-11-28,1.4070550203323364,1.4210139513015747,1.2838879823684692,1.3957040309906006,1.3957040309906006,5602
Aston Martin Cognizant Fan Token USD,AM-USD,2021-11-29,1.392343044281006,1.686390995979309,0.0,1.4123350381851196,1.4123350381851196,12414
Aston Martin Cognizant Fan Token USD,AM-USD,2021-11-30,1.4119689464569092,1.4748749732971191,1.2920570373535156,1.3607079982757568,1.3607079982757568,39914
Aston Martin Cognizant Fan Token USD,AM-USD,2021-12-01,1.3590279817581177,1.432914972305298,1.2842600345611572,1.3514189720153809,1.3514189720153809,22857
Aston Martin Cognizant Fan Token USD,AM-USD,2021-12-02,1.355592966079712,1.426084041595459,1.2478049993515017,1.3360439538955688,1.3360439538955688,29357
Aston Martin Cognizant Fan Token USD,AM-USD,2021-12-03,1.3358739614486694,1.4734859466552734,1.251230001449585,1.2820359468460083,1.2820359468460083,53593
Aston Martin Cognizant Fan Token USD,AM-USD,2021-12-04,1.2819169759750366,1.298107028007507,0.7792810201644897,1.0805829763412476,1.0805829763412476,37973
Aston Martin Cognizant Fan Token USD,AM-USD,2021-12-05,1.0801880359649658,1.2225680351257324,1.032122015953064,1.1093649864196775,1.1093649864196775,50595
Aston Martin Cognizant Fan Token USD,AM-USD,2021-12-06,1.1085400581359863,1.1235020160675049,0.9553430080413818,1.068977952003479,1.068977952003479,39396
Aston Martin Cognizant Fan Token USD,AM-USD,2021-12-07,1.0682309865951538,1.185349941253662,1.053169012069702,1.0870440006256104,1.0870440006256104,66262
Aston Martin Cognizant Fan Token USD,AM-USD,2021-12-08,1.0873459577560425,1.165125012397766,1.0458029508590698,1.121201992034912,1.121201992034912,52521
Aston Martin Cognizant Fan Token USD,AM-USD,2021-12-09,1.1192950010299685,1.1876250505447388,1.0125030279159546,1.027966022491455,1.027966022491455,29960
Aston Martin Cognizant Fan Token USD,AM-USD,2021-12-10,1.0288989543914795,1.0603599548339844,0.95693701505661,0.9626020193099976,0.9626020193099976,29188
Aston Martin Cognizant Fan Token USD,AM-USD,2021-12-11,0.9605839848518372,1.0569649934768677,0.9605839848518372,1.0289959907531738,1.0289959907531738,44867
Aston Martin Cognizant Fan Token USD,AM-USD,2021-12-12,1.0266029834747314,1.1777729988098145,1.0103800296783447,1.087020993232727,1.087020993232727,79164
Aston Martin Cognizant Fan Token USD,AM-USD,2021-12-13,1.0879050493240356,1.1232019662857056,0.9027569890022278,0.9472939968109132,0.9472939968109132,62357
Aston Martin Cognizant Fan Token USD,AM-USD,2021-12-14,0.9483259916305542,1.034703016281128,0.9030100107192992,0.9454900026321412,0.9454900026321412,21919
Aston Martin Cognizant Fan Token USD,AM-USD,2021-12-15,0.9576870203018188,1.0015770196914673,0.8919529914855957,0.9914510250091552,0.9914510250091552,38440
Aston Martin Cognizant Fan Token USD,AM-USD,2021-12-16,0.9917410016059875,1.0233219861984253,0.8669909834861755,0.9193660020828248,0.9193660020828248,40200
Aston Martin Cognizant Fan Token USD,AM-USD,2021-12-17,0.9216899871826172,0.9592220187187196,0.8267890214920044,0.8471860289573669,0.8471860289573669,20735
Aston Martin Cognizant Fan Token USD,AM-USD,2021-12-18,0.844406008720398,0.913569986820221,0.8189939856529236,0.8986830115318298,0.8986830115318298,45421
Aston Martin Cognizant Fan Token USD,AM-USD,2021-12-19,0.8988369703292847,0.9314979910850524,0.8592240214347839,0.872327983379364,0.872327983379364,32848
Aston Martin Cognizant Fan Token USD,AM-USD,2021-12-20,0.8732950091362,0.9238359928131104,0.8236989974975586,0.89519202709198,0.89519202709198,16416
Aston Martin Cognizant Fan Token USD,AM-USD,2021-12-21,0.8960080146789551,0.9601680040359496,0.8641229867935181,0.9425340294837952,0.9425340294837952,24461
Aston Martin Cognizant Fan Token USD,AM-USD,2021-12-22,0.942762017250061,0.9896309971809388,0.903024971485138,0.9158120155334472,0.9158120155334472,45584
Aston Martin Cognizant Fan Token USD,AM-USD,2021-12-23,0.9161549806594848,1.0026960372924805,0.8913509845733643,0.9691140055656432,0.9691140055656432,37516
Aston Martin Cognizant Fan Token USD,AM-USD,2021-12-24,0.9683930277824402,1.0009340047836304,0.9176430106163024,0.9240099787712096,0.9240099787712096,31848
Aston Martin Cognizant Fan Token USD,AM-USD,2021-12-25,0.9251689910888672,0.9987080097198486,0.921580970287323,0.991029977798462,0.991029977798462,21274
Aston Martin Cognizant Fan Token USD,AM-USD,2021-12-26,0.9894700050354004,1.0635249614715576,0.9636440277099608,1.037026047706604,1.037026047706604,24206
Aston Martin Cognizant Fan Token USD,AM-USD,2021-12-27,1.037328004837036,1.1090010404586792,1.0036790370941162,1.0571540594100952,1.0571540594100952,44182
Aston Martin Cognizant Fan Token USD,AM-USD,2021-12-28,1.0540820360183716,1.097409963607788,0.9764509797096252,1.0177899599075315,1.0177899599075315,42201
Aston Martin Cognizant Fan Token USD,AM-USD,2021-12-29,1.01704204082489,1.3041419982910156,0.9871699810028076,1.2095710039138794,1.2095710039138794,60535
Aston Martin Cognizant Fan Token USD,AM-USD,2021-12-30,1.20727801322937,1.351902961730957,1.1182719469070437,1.301556944847107,1.301556944847107,8480
Aston Martin Cognizant Fan Token USD,AM-USD,2021-12-31,1.299926996231079,1.299926996231079,1.14662504196167,1.242663025856018,1.242663025856018,1064
Aston Martin Cognizant Fan Token USD,AM-USD,2022-01-01,1.242745041847229,1.2851639986038208,1.1964900493621826,1.2326619625091553,1.2326619625091553,270
Aston Martin Cognizant Fan Token USD,AM-USD,2022-01-02,1.2325429916381836,1.3589969873428345,1.2314980030059814,1.2569890022277832,1.2569890022277832,2466
Aston Martin Cognizant Fan Token USD,AM-USD,2022-01-03,1.2569650411605835,1.3410719633102417,1.1647039651870728,1.2244930267333984,1.2244930267333984,1242
Aston Martin Cognizant Fan Token USD,AM-USD,2022-01-04,1.224382996559143,1.2673389911651611,1.1757440567016602,1.206792950630188,1.206792950630188,1411
Aston Martin Cognizant Fan Token USD,AM-USD,2022-01-05,1.2068599462509155,1.29618501663208,0.991104006767273,1.0974299907684326,1.0974299907684326,695
Aston Martin Cognizant Fan Token USD,AM-USD,2022-01-06,1.097345948219299,1.1609400510787964,1.052832007408142,1.1075680255889893,1.1075680255889893,54643
Aston Martin Cognizant Fan Token USD,AM-USD,2022-01-07,1.1074429750442505,1.138815999031067,1.0414730310440063,1.05034601688385,1.05034601688385,45152
Aston Martin Cognizant Fan Token USD,AM-USD,2022-01-08,1.0504330396652222,1.129608988761902,0.9917230010032654,1.008499026298523,1.008499026298523,21648
Aston Martin Cognizant Fan Token USD,AM-USD,2022-01-09,1.0084739923477173,1.1068379878997805,0.9977139830589294,1.075279951095581,1.075279951095581,19492
Aston Martin Cognizant Fan Token USD,AM-USD,2022-01-10,1.075232982635498,1.1503909826278689,0.980265974998474,1.0919599533081057,1.0919599533081057,39431
Aston Martin Cognizant Fan Token USD,AM-USD,2022-01-11,1.092157959938049,1.2311320304870603,1.086899995803833,1.1713850498199463,1.1713850498199463,38993
Aston Martin Cognizant Fan Token USD,AM-USD,2022-01-12,1.1717699766159058,1.4170960187911987,1.1717699766159058,1.3921459913253784,1.3921459913253784,70385
Aston Martin Cognizant Fan Token USD,AM-USD,2022-01-13,1.3921090364456177,1.579905986785889,1.28391695022583,1.4421720504760742,1.4421720504760742,87294
Aston Martin Cognizant Fan Token USD,AM-USD,2022-01-14,1.4422399997711182,1.5205919742584229,1.3300230503082275,1.4604370594024658,1.4604370594024658,72810
Aston Martin Cognizant Fan Token USD,AM-USD,2022-01-15,1.4604350328445437,1.487396001815796,1.376600980758667,1.404767990112305,1.404767990112305,106929
Aston Martin Cognizant Fan Token USD,AM-USD,2022-01-16,1.4039649963378906,1.4921300411224363,1.3653889894485474,1.373500943183899,1.373500943183899,66768
Aston Martin Cognizant Fan Token USD,AM-USD,2022-01-17,1.3735580444335938,1.4091639518737793,1.2691570520401,1.3069109916687012,1.3069109916687012,42045
Aston Martin Cognizant Fan Token USD,AM-USD,2022-01-18,1.3068619966506958,1.371999979019165,1.255355954170227,1.3205389976501465,1.3205389976501465,41902
Aston Martin Cognizant Fan Token USD,AM-USD,2022-01-19,1.320552945137024,1.3809609413146973,1.259827971458435,1.2664400339126587,1.2664400339126587,69039
Aston Martin Cognizant Fan Token USD,AM-USD,2022-01-20,1.2661570310592651,1.3073819875717163,1.2440160512924194,1.2805540561676023,1.2805540561676023,0
Aston Martin Cognizant Fan Token USD,AM-USD,2022-01-21,1.2805540561676023,1.2805540561676023,0.9765170216560364,1.0064259767532349,1.0064259767532349,15572
Aston Martin Cognizant Fan Token USD,AM-USD,2022-01-22,1.0073449611663818,1.0268000364303589,0.8307530283927917,0.9231719970703124,0.9231719970703124,31151
Aston Martin Cognizant Fan Token USD,AM-USD,2022-01-23,0.9235230088233948,1.0114840269088743,0.8512259721755981,0.8968009948730469,0.8968009948730469,28147
Aston Martin Cognizant Fan Token USD,AM-USD,2022-01-24,0.8969730138778687,0.995395004749298,0.7895799875259399,0.937624990940094,0.937624990940094,16435
Aston Martin Cognizant Fan Token USD,AM-USD,2022-01-25,0.9376440048217772,0.9782760143280028,0.8665509819984436,0.9620630145072936,0.9620630145072936,32743
Aston Martin Cognizant Fan Token USD,AM-USD,2022-01-26,0.9620630145072936,1.0132410526275637,0.885811984539032,0.9151890277862548,0.9151890277862548,17007
Aston Martin Cognizant Fan Token USD,AM-USD,2022-01-27,0.9150270223617554,0.98956698179245,0.869521975517273,0.940455973148346,0.940455973148346,16438
Aston Martin Cognizant Fan Token USD,AM-USD,2022-01-28,0.9403510093688964,1.0045959949493408,0.9233930110931396,1.0006990432739258,1.0006990432739258,45853
Aston Martin Cognizant Fan Token USD,AM-USD,2022-01-29,1.0007359981536863,1.1522599458694458,0.925046980381012,1.1005280017852783,1.1005280017852783,7539
Aston Martin Cognizant Fan Token USD,AM-USD,2022-01-30,1.1006699800491333,1.1464580297470093,1.040727972984314,1.0683879852294922,1.0683879852294922,24806
Aston Martin Cognizant Fan Token USD,AM-USD,2022-01-31,1.06843900680542,1.1433769464492798,1.0219810009002686,1.08782696723938,1.08782696723938,31374
Aston Martin Cognizant Fan Token USD,AM-USD,2022-02-01,1.0878679752349854,1.1432499885559082,1.067448973655701,1.080536961555481,1.080536961555481,27370
Aston Martin Cognizant Fan Token USD,AM-USD,2022-02-02,1.0803890228271484,1.1177690029144287,1.018447995185852,1.0407789945602417,1.0407789945602417,19948
Aston Martin Cognizant Fan Token USD,AM-USD,2022-02-03,1.040577054023743,1.054216980934143,1.000167965888977,1.0525720119476318,1.0525720119476318,8118
Aston Martin Cognizant Fan Token USD,AM-USD,2022-02-04,1.0523550510406494,1.1309330463409424,1.0386439561843872,1.122879981994629,1.122879981994629,78652
Aston Martin Cognizant Fan Token USD,AM-USD,2022-02-05,1.1229790449142456,1.2036679983139038,1.0831190347671509,1.1224230527877808,1.1224230527877808,36696
Aston Martin Cognizant Fan Token USD,AM-USD,2022-02-06,1.1225429773330688,1.2175049781799316,1.1195149421691897,1.2175049781799316,1.2175049781799316,24181
Aston Martin Cognizant Fan Token USD,AM-USD,2022-02-07,1.2177209854125977,1.278799057006836,1.184785008430481,1.2503349781036377,1.2503349781036377,80043
Aston Martin Cognizant Fan Token USD,AM-USD,2022-02-08,1.2503379583358765,1.3378989696502686,1.1270380020141602,1.1996819972991943,1.1996819972991943,164248
Aston Martin Cognizant Fan Token USD,AM-USD,2022-02-09,1.1991419792175293,1.2942869663238523,1.1600079536437988,1.288756012916565,1.288756012916565,176234
Aston Martin Cognizant Fan Token USD,AM-USD,2022-02-10,1.2887200117111206,1.3255510330200195,1.1824029684066772,1.1956549882888794,1.1956549882888794,158184
Aston Martin Cognizant Fan Token USD,AM-USD,2022-02-11,1.1958240270614624,1.242177963256836,1.081037998199463,1.107501983642578,1.107501983642578,29505
Aston Martin Cognizant Fan Token USD,AM-USD,2022-02-12,1.1075830459594729,1.1326559782028198,1.0625230073928833,1.1092159748077393,1.1092159748077393,119357
Aston Martin Cognizant Fan Token USD,AM-USD,2022-02-13,1.1091949939727783,1.1232000589370728,1.0660350322723389,1.082110047340393,1.082110047340393,85596
Aston Martin Cognizant Fan Token USD,AM-USD,2022-02-14,1.0817049741744995,1.1402980089187622,1.054370999336243,1.0958850383758545,1.0958850383758545,152589
Aston Martin Cognizant Fan Token USD,AM-USD,2022-02-15,1.0958490371704102,1.2037359476089478,1.0885390043258667,1.2010869979858398,1.2010869979858398,156668
Aston Martin Cognizant Fan Token USD,AM-USD,2022-02-16,1.2010869979858398,1.2448740005493164,1.161283016204834,1.2185490131378174,1.2185490131378174,140704
Aston Martin Cognizant Fan Token USD,AM-USD,2022-02-17,1.2185059785842896,1.2967400550842283,1.0690499544143677,1.0769189596176147,1.0769189596176147,38379
Aston Martin Cognizant Fan Token USD,AM-USD,2022-02-18,1.0773470401763916,1.151121973991394,1.0493110418319702,1.0706119537353516,1.0706119537353516,17949
Aston Martin Cognizant Fan Token USD,AM-USD,2022-02-19,1.0704480409622192,1.0931880474090576,1.0307060480117798,1.0635299682617188,1.0635299682617188,12360
Aston Martin Cognizant Fan Token USD,AM-USD,2022-02-20,1.0632829666137695,1.0779459476470947,0.9871910214424132,1.015231966972351,1.015231966972351,97387
Aston Martin Cognizant Fan Token USD,AM-USD,2022-02-21,1.015108942985535,1.1108579635620115,0.9383530020713806,0.9422720074653624,0.9422720074653624,10545
Aston Martin Cognizant Fan Token USD,AM-USD,2022-02-22,0.9421409964561462,0.9916329979896544,0.9092209935188292,0.9751380085945128,0.9751380085945128,13482
Aston Martin Cognizant Fan Token USD,AM-USD,2022-02-23,0.9751570224761964,1.0351849794387815,0.9428970217704772,0.9445170164108276,0.9445170164108276,39932
Aston Martin Cognizant Fan Token USD,AM-USD,2022-02-24,0.9443140029907228,0.9485509991645812,0.8014919757843018,0.9062430262565612,0.9062430262565612,91401
Aston Martin Cognizant Fan Token USD,AM-USD,2022-02-25,0.906341016292572,0.9669730067253112,0.9038360118865968,0.9595509767532348,0.9595509767532348,7083
Aston Martin Cognizant Fan Token USD,AM-USD,2022-02-26,0.9596189856529236,1.08433997631073,0.9537339806556702,1.045009970664978,1.045009970664978,34988
Aston Martin Cognizant Fan Token USD,AM-USD,2022-02-27,1.044950008392334,1.056887984275818,0.965565025806427,0.98090797662735,0.98090797662735,16295
Aston Martin Cognizant Fan Token USD,AM-USD,2022-02-28,0.9809290170669556,1.1291409730911257,0.9644579887390136,1.1126519441604614,1.1126519441604614,110733
Aston Martin Cognizant Fan Token USD,AM-USD,2022-03-01,1.1126519441604614,1.146206021308899,1.0703550577163696,1.1368680000305176,1.1368680000305176,134529
Aston Martin Cognizant Fan Token USD,AM-USD,2022-03-02,1.136705994606018,1.1987930536270142,1.1003999710083008,1.1432490348815918,1.1432490348815918,11295
Aston Martin Cognizant Fan Token USD,AM-USD,2022-03-03,1.1433049440383911,1.1713180541992188,1.058938980102539,1.111134052276611,1.111134052276611,23532
Aston Martin Cognizant Fan Token USD,AM-USD,2022-03-04,1.1140700578689575,1.1874979734420776,1.0751420259475708,1.127526044845581,1.127526044845581,19183
Aston Martin Cognizant Fan Token USD,AM-USD,2022-03-05,1.1279879808425903,1.31482994556427,1.090296983718872,1.2392890453338623,1.2392890453338623,124157
Aston Martin Cognizant Fan Token USD,AM-USD,2022-03-06,1.239477038383484,1.2540960311889648,1.1243959665298462,1.124487042427063,1.124487042427063,18982
Aston Martin Cognizant Fan Token USD,AM-USD,2022-03-07,1.124359965324402,1.1262389421463013,1.011152982711792,1.0292420387268066,1.0292420387268066,9768
Aston Martin Cognizant Fan Token USD,AM-USD,2022-03-08,1.02920401096344,1.0729550123214722,1.0092300176620483,1.0393569469451904,1.0393569469451904,10437
Aston Martin Cognizant Fan Token USD,AM-USD,2022-03-09,1.0395549535751345,1.1532599925994873,1.0226629972457886,1.0757319927215576,1.0757319927215576,110831
Aston Martin Cognizant Fan Token USD,AM-USD,2022-03-10,1.0757319927215576,1.0757319927215576,0.9758570194244384,1.0116510391235352,1.0116510391235352,22302
Aston Martin Cognizant Fan Token USD,AM-USD,2022-03-11,1.011536955833435,1.0702790021896362,0.9773169755935668,1.0157619714736938,1.0157619714736938,64186
Aston Martin Cognizant Fan Token USD,AM-USD,2022-03-12,1.0157220363616943,1.1863199472427368,0.9986990094184875,1.1333459615707395,1.1333459615707395,137711
Aston Martin Cognizant Fan Token USD,AM-USD,2022-03-13,1.1329699754714966,1.6580560207366943,1.0372639894485474,1.365754008293152,1.365754008293152,180235
Aston Martin Cognizant Fan Token USD,AM-USD,2022-03-14,1.3650879859924316,1.710199952125549,1.3153530359268188,1.634253978729248,1.634253978729248,217674
Aston Martin Cognizant Fan Token USD,AM-USD,2022-03-15,1.6341890096664429,1.6397290229797363,1.4023900032043457,1.54715096950531,1.54715096950531,216347
Aston Martin Cognizant Fan Token USD,AM-USD,2022-03-16,1.5471080541610718,1.572139024734497,1.4244070053100586,1.5235929489135742,1.5235929489135742,35174
Aston Martin Cognizant Fan Token USD,AM-USD,2022-03-17,1.5235999822616575,1.5402859449386597,1.2988040447235107,1.323712944984436,1.323712944984436,54718
Aston Martin Cognizant Fan Token USD,AM-USD,2022-03-18,1.3234820365905762,1.3450249433517456,1.1182529926300049,1.1449259519577026,1.1449259519577026,44828
Aston Martin Cognizant Fan Token USD,AM-USD,2022-03-19,1.1447869539260864,1.21943199634552,1.0288679599761963,1.0765769481658936,1.0765769481658936,21306
Aston Martin Cognizant Fan Token USD,AM-USD,2022-03-20,1.0769070386886597,1.125941038131714,0.9812129735946656,1.020712971687317,1.020712971687317,13365
Aston Martin Cognizant Fan Token USD,AM-USD,2022-03-21,1.020635962486267,1.1200480461120603,0.9757320284843444,1.0129899978637695,1.0129899978637695,81959
Aston Martin Cognizant Fan Token USD,AM-USD,2022-03-22,1.012943983078003,1.1190160512924194,1.0021599531173706,1.0286959409713743,1.0286959409713743,152205
Aston Martin Cognizant Fan Token USD,AM-USD,2022-03-23,1.0287649631500244,1.124675989151001,0.993615984916687,1.0981340408325195,1.0981340408325195,150057
Aston Martin Cognizant Fan Token USD,AM-USD,2022-03-24,1.0980859994888306,1.1812520027160645,1.0581469535827637,1.1179989576339722,1.1179989576339722,150033
Aston Martin Cognizant Fan Token USD,AM-USD,2022-03-25,1.118080973625183,1.2498559951782229,1.069931983947754,1.2020610570907593,1.2020610570907593,4718
Aston Martin Cognizant Fan Token USD,AM-USD,2022-03-26,1.2015509605407717,1.2425919771194458,1.0972579717636108,1.118052959442139,1.118052959442139,21720
Aston Martin Cognizant Fan Token USD,AM-USD,2022-03-27,1.11809504032135,1.3297569751739502,1.0938429832458496,1.2336180210113523,1.2336180210113523,17384
Aston Martin Cognizant Fan Token USD,AM-USD,2022-03-28,1.2336549758911133,1.3382420539855957,1.168110966682434,1.177703022956848,1.177703022956848,91109
Aston Martin Cognizant Fan Token USD,AM-USD,2022-03-29,1.1764370203018188,1.430946946144104,1.1764370203018188,1.3085830211639404,1.3085830211639404,208776
Aston Martin Cognizant Fan Token USD,AM-USD,2022-03-30,1.307690978050232,1.4689409732818604,1.2870639562606812,1.3564269542694092,1.3564269542694092,204724
Aston Martin Cognizant Fan Token USD,AM-USD,2022-03-31,1.3565219640731812,1.4107320308685305,1.2288730144500732,1.2427760362625122,1.2427760362625122,185331
Aston Martin Cognizant Fan Token USD,AM-USD,2022-04-01,1.2432520389556885,1.303547978401184,1.156501054763794,1.2684329748153689,1.2684329748153689,163669
Aston Martin Cognizant Fan Token USD,AM-USD,2022-04-02,1.268566012382507,1.3285859823226929,1.190242052078247,1.235018968582153,1.235018968582153,184187
Aston Martin Cognizant Fan Token USD,AM-USD,2022-04-03,1.234266996383667,1.3345940113067627,1.1794919967651367,1.293221950531006,1.293221950531006,187367
Aston Martin Cognizant Fan Token USD,AM-USD,2022-04-04,1.2931629419326782,1.3086899518966677,1.1425449848175049,1.1897170543670654,1.1897170543670654,173287
Aston Martin Cognizant Fan Token USD,AM-USD,2022-04-05,1.1897029876708984,1.4099780321121216,1.141878962516785,1.174525022506714,1.174525022506714,195922
Aston Martin Cognizant Fan Token USD,AM-USD,2022-04-06,1.174530029296875,1.2563780546188354,1.031075954437256,1.0314830541610718,1.0314830541610718,166511
Aston Martin Cognizant Fan Token USD,AM-USD,2022-04-07,1.0316540002822876,1.106323003768921,1.0190399885177612,1.0493650436401367,1.0493650436401367,129972
Aston Martin Cognizant Fan Token USD,AM-USD,2022-04-08,1.0494329929351809,1.1197609901428225,1.007079005241394,1.016330003738403,1.016330003738403,134197
Aston Martin Cognizant Fan Token USD,AM-USD,2022-04-09,1.0163309574127195,1.088068962097168,0.9993039965629578,1.049697995185852,1.049697995185852,140092
Aston Martin Cognizant Fan Token USD,AM-USD,2022-04-10,1.0499149560928345,1.0806729793548584,0.9997339844703674,1.0043669939041138,1.0043669939041138,143121
Aston Martin Cognizant Fan Token USD,AM-USD,2022-04-11,1.0032269954681396,1.0538009405136108,0.9260169863700868,0.9717980027198792,0.9717980027198792,107100
Aston Martin Cognizant Fan Token USD,AM-USD,2022-04-12,0.97181499004364,1.0561070442199707,0.9538480043411256,1.0237029790878296,1.0237029790878296,138401
Aston Martin Cognizant Fan Token USD,AM-USD,2022-04-13,1.0236860513687134,1.1563960313796997,0.9919899702072144,1.0892070531845093,1.0892070531845093,131321
Aston Martin Cognizant Fan Token USD,AM-USD,2022-04-14,1.0890870094299316,1.160871982574463,0.9799759984016418,1.00941002368927,1.00941002368927,111037
Aston Martin Cognizant Fan Token USD,AM-USD,2022-04-15,1.009392023086548,1.07949697971344,1.0039269924163818,1.0620640516281128,1.0620640516281128,147216
Aston Martin Cognizant Fan Token USD,AM-USD,2022-04-16,1.0620479583740234,1.0906269550323486,1.0078630447387695,1.0557290315628052,1.0557290315628052,130750
Aston Martin Cognizant Fan Token USD,AM-USD,2022-04-17,1.0557539463043213,1.0934640169143677,0.9853879809379578,0.9894430041313172,0.9894430041313172,128281
Aston Martin Cognizant Fan Token USD,AM-USD,2022-04-18,0.9894440174102784,1.031054973602295,0.9477440118789672,1.0301640033721924,1.0301640033721924,134723
Aston Martin Cognizant Fan Token USD,AM-USD,2022-04-19,1.0302400588989258,1.0462390184402466,0.982721984386444,1.0241639614105225,1.0241639614105225,147305
Aston Martin Cognizant Fan Token USD,AM-USD,2022-04-20,1.0241509675979614,1.0711710453033447,0.945061981678009,1.0180180072784424,1.0180180072784424,145861
Aston Martin Cognizant Fan Token USD,AM-USD,2022-04-21,1.0180469751358032,1.0831619501113892,0.9611669778823853,0.9640910029411316,0.9640910029411316,143019
Aston Martin Cognizant Fan Token USD,AM-USD,2022-04-22,0.9640960097312928,1.0130950212478638,0.9378799796104432,0.9627959728240968,0.9627959728240968,119527
Aston Martin Cognizant Fan Token USD,AM-USD,2022-04-23,0.9628130197525024,0.9708859920501708,0.9297969937324524,0.9431849718093872,0.9431849718093872,117075
Aston Martin Cognizant Fan Token USD,AM-USD,2022-04-24,0.9429900050163268,1.0192229747772217,0.9128389954566956,0.9561390280723572,0.9561390280723572,113150
Aston Martin Cognizant Fan Token USD,AM-USD,2022-04-25,0.9563199877738952,0.9654629826545716,0.8484860062599182,0.9209330081939696,0.9209330081939696,117353
Aston Martin Cognizant Fan Token USD,AM-USD,2022-04-26,0.9208980202674866,0.9423949718475342,0.814283013343811,0.8265209794044495,0.8265209794044495,116093
Aston Martin Cognizant Fan Token USD,AM-USD,2022-04-27,0.8265720009803772,0.8917670249938965,0.799597978591919,0.8917670249938965,0.8917670249938965,125488
Aston Martin Cognizant Fan Token USD,AM-USD,2022-04-28,0.8914399743080139,0.899878978729248,0.8258039951324463,0.8432160019874573,0.8432160019874573,112485
Aston Martin Cognizant Fan Token USD,AM-USD,2022-04-29,0.843146026134491,0.8679260015487671,0.7532650232315063,0.7823659777641296,0.7823659777641296,104017
Aston Martin Cognizant Fan Token USD,AM-USD,2022-04-30,0.7824100255966187,0.7907789945602417,0.6841750144958496,0.6915630102157593,0.6915630102157593,88741
Aston Martin Cognizant Fan Token USD,AM-USD,2022-05-01,0.6916000247001648,0.7507240176200867,0.6804159879684448,0.7392650246620178,0.7392650246620178,97095
Aston Martin Cognizant Fan Token USD,AM-USD,2022-05-02,0.7391319870948792,0.7672309875488281,0.6997039914131165,0.7324730157852173,0.7324730157852173,101395
Aston Martin Cognizant Fan Token USD,AM-USD,2022-05-03,0.7324209809303284,0.766523003578186,0.6989960074424744,0.7029690146446228,0.7029690146446228,91450
Aston Martin Cognizant Fan Token USD,AM-USD,2022-05-04,0.7029669880867004,0.8172789812088013,0.7029669880867004,0.7878550291061401,0.7878550291061401,86476
Aston Martin Cognizant Fan Token USD,AM-USD,2022-05-05,0.787837028503418,0.8123080134391785,0.6911240220069885,0.7265549898147583,0.7265549898147583,14907
Aston Martin Cognizant Fan Token USD,AM-USD,2022-05-06,0.7265260219573975,0.7362679839134216,0.6825780272483826,0.7174440026283264,0.7174440026283264,65307
Aston Martin Cognizant Fan Token USD,AM-USD,2022-05-07,0.717494010925293,0.7316340208053589,0.6835049986839294,0.7050989866256714,0.7050989866256714,87859
Aston Martin Cognizant Fan Token USD,AM-USD,2022-05-08,0.7050849795341492,0.7181079983711243,0.6750329732894897,0.6971340179443359,0.6971340179443359,85284
Aston Martin Cognizant Fan Token USD,AM-USD,2022-05-09,0.6974149942398071,0.7124509811401367,0.5534390211105347,0.5551519989967346,0.5551519989967346,80156
Aston Martin Cognizant Fan Token USD,AM-USD,2022-05-10,0.5550569891929626,0.6504780054092407,0.5248050093650818,0.5814340114593506,0.5814340114593506,92512
Aston Martin Cognizant Fan Token USD,AM-USD,2022-05-11,0.5811939835548401,0.6071770191192627,0.442238986492157,0.4639270007610321,0.4639270007610321,87940
Aston Martin Cognizant Fan Token USD,AM-USD,2022-05-12,0.4640100002288818,0.4951399862766266,0.3615590035915375,0.4405620098114013,0.4405620098114013,76727
Aston Martin Cognizant Fan Token USD,AM-USD,2022-05-13,0.4406110048294067,0.5508779883384705,0.4254739880561828,0.4947159886360168,0.4947159886360168,82847
Aston Martin Cognizant Fan Token USD,AM-USD,2022-05-14,0.494720995426178,0.5410069823265076,0.4716889858245849,0.5304980278015137,0.5304980278015137,72334
Aston Martin Cognizant Fan Token USD,AM-USD,2022-05-15,0.5304710268974304,0.5419800281524658,0.4856880009174347,0.5260180234909058,0.5260180234909058,87907
Aston Martin Cognizant Fan Token USD,AM-USD,2022-05-16,0.5260499715805054,0.5264549851417542,0.4702929854393005,0.4865170121192932,0.4865170121192932,66963
Aston Martin Cognizant Fan Token USD,AM-USD,2022-05-17,0.486627995967865,0.5274329781532288,0.485271006822586,0.5222430229187012,0.5222430229187012,66402
Aston Martin Cognizant Fan Token USD,AM-USD,2022-05-18,0.5222110152244568,0.6115559935569763,0.5020120143890381,0.5034300088882446,0.5034300088882446,71819
Aston Martin Cognizant Fan Token USD,AM-USD,2022-05-19,0.5031620264053345,0.5364069938659668,0.4603739976882934,0.526229977607727,0.526229977607727,76510
Aston Martin Cognizant Fan Token USD,AM-USD,2022-05-20,0.5262420177459717,0.6746789813041687,0.5145140290260315,0.5292840003967285,0.5292840003967285,88244
Aston Martin Cognizant Fan Token USD,AM-USD,2022-05-21,0.5293319821357727,0.5768160223960876,0.4954400062561035,0.5246959924697876,0.5246959924697876,83794
Aston Martin Cognizant Fan Token USD,AM-USD,2022-05-22,0.5246530175209045,0.5787690281867981,0.5109840035438538,0.5559939742088318,0.5559939742088318,82999
Aston Martin Cognizant Fan Token USD,AM-USD,2022-05-23,0.5560910105705261,0.580365002155304,0.5204179883003235,0.5242670178413391,0.5242670178413391,76707
Aston Martin Cognizant Fan Token USD,AM-USD,2022-05-24,0.524275004863739,0.6564840078353882,0.5085909962654114,0.5480480194091797,0.5480480194091797,95564
Aston Martin Cognizant Fan Token USD,AM-USD,2022-05-25,0.5480430126190186,0.589972972869873,0.5158290266990662,0.5402299761772156,0.5402299761772156,90608
Aston Martin Cognizant Fan Token USD,AM-USD,2022-05-26,0.5404070019721985,0.5565119981765747,0.4793519973754883,0.5181220173835754,0.5181220173835754,65355
Aston Martin Cognizant Fan Token USD,AM-USD,2022-05-27,0.5181379914283752,0.5232629776000977,0.4742160141468048,0.4789629876613617,0.4789629876613617,60244
Aston Martin Cognizant Fan Token USD,AM-USD,2022-05-28,0.4879080057144165,0.5105500221252441,0.4759239852428436,0.4939329922199249,0.4939329922199249,48005
Aston Martin Cognizant Fan Token USD,AM-USD,2022-05-29,0.4938580095767975,0.5087569952011108,0.4793939888477325,0.4978919923305511,0.4978919923305511,60888
Aston Martin Cognizant Fan Token USD,AM-USD,2022-05-30,0.4978750050067901,0.5413730144500732,0.490896999835968,0.5377200245857239,0.5377200245857239,71056
Aston Martin Cognizant Fan Token USD,AM-USD,2022-05-31,0.5377020239830017,0.5814229846000671,0.5181800127029419,0.5481439828872681,0.5481439828872681,68355
Aston Martin Cognizant Fan Token USD,AM-USD,2022-06-01,0.5482460260391235,0.5809379816055298,0.5080559849739075,0.5199199914932251,0.5199199914932251,67901
Aston Martin Cognizant Fan Token USD,AM-USD,2022-06-02,0.5197420120239258,0.5509200096130371,0.5179629921913147,0.5375000238418579,0.5375000238418579,65825
Aston Martin Cognizant Fan Token USD,AM-USD,2022-06-03,0.5374720096588135,0.5381510257720947,0.5073220133781433,0.5214939713478088,0.5214939713478088,64278
Aston Martin Cognizant Fan Token USD,AM-USD,2022-06-04,0.5215939879417419,0.5518249869346619,0.5183529853820801,0.5400059819221497,0.5400059819221497,66449
Aston Martin Cognizant Fan Token USD,AM-USD,2022-06-05,0.5400879979133606,0.5456680059432983,0.5227479934692383,0.53684401512146,0.53684401512146,61526
Aston Martin Cognizant Fan Token USD,AM-USD,2022-06-06,0.5369009971618652,0.5676310062408447,0.524757981300354,0.5371410250663757,0.5371410250663757,68218
Aston Martin Cognizant Fan Token USD,AM-USD,2022-06-07,0.5374799966812134,0.5384079813957214,0.4946349859237671,0.5160459876060486,0.5160459876060486,64356
Aston Martin Cognizant Fan Token USD,AM-USD,2022-06-08,0.516061007976532,0.5216060280799866,0.4996770024299621,0.5079370141029358,0.5079370141029358,61777
Aston Martin Cognizant Fan Token USD,AM-USD,2022-06-09,0.5080639719963074,0.5184659957885742,0.498863011598587,0.5091360211372375,0.5091360211372375,42428
Aston Martin Cognizant Fan Token USD,AM-USD,2022-06-10,0.5091630220413208,0.5135779976844788,0.4724909961223602,0.4818019866943359,0.4818019866943359,41593
Aston Martin Cognizant Fan Token USD,AM-USD,2022-06-11,0.4818379878997803,0.5001410245895386,0.4320690035820007,0.4376290142536163,0.4376290142536163,50527
Aston Martin Cognizant Fan Token USD,AM-USD,2022-06-12,0.4377650022506714,0.4489299952983856,0.3958350121974945,0.4193539917469024,0.4193539917469024,36869
Aston Martin Cognizant Fan Token USD,AM-USD,2022-06-13,0.4189710021018982,0.4197440147399902,0.3612209856510162,0.3994399905204773,0.3994399905204773,41028
Aston Martin Cognizant Fan Token USD,AM-USD,2022-06-14,0.3994629979133606,0.4392119944095611,0.3684009909629822,0.4002949893474579,0.4002949893474579,61505
Aston Martin Cognizant Fan Token USD,AM-USD,2022-06-15,0.4001959860324859,0.4411639869213104,0.3615559935569763,0.436706006526947,0.436706006526947,68698
Aston Martin Cognizant Fan Token USD,AM-USD,2022-06-16,0.4368259906768799,0.4448379874229431,0.3818689882755279,0.3981960117816925,0.3981960117816925,55849
Aston Martin Cognizant Fan Token USD,AM-USD,2022-06-17,0.39826300740242,0.42774099111557,0.3891260027885437,0.4082210063934326,0.4082210063934326,57926
Aston Martin Cognizant Fan Token USD,AM-USD,2022-06-18,0.4082039892673492,0.414121001958847,0.32880300283432,0.3544029891490936,0.3544029891490936,50893
Aston Martin Cognizant Fan Token USD,AM-USD,2022-06-19,0.3543460071086883,0.3807240128517151,0.333745002746582,0.3785440027713775,0.3785440027713775,47570
Aston Martin Cognizant Fan Token USD,AM-USD,2022-06-20,0.3785389959812164,0.3910770118236542,0.3525939881801605,0.3780620098114013,0.3780620098114013,54293
Aston Martin Cognizant Fan Token USD,AM-USD,2022-06-21,0.3780199885368347,0.401414006948471,0.3714399933815002,0.3840509951114654,0.3840509951114654,43757
Aston Martin Cognizant Fan Token USD,AM-USD,2022-06-22,0.3841550052165985,0.3866569995880127,0.3640109896659851,0.3664059937000274,0.3664059937000274,46405
Aston Martin Cognizant Fan Token USD,AM-USD,2022-06-23,0.3663969933986664,0.3997699916362762,0.3663969933986664,0.3946700096130371,0.3946700096130371,44726
Aston Martin Cognizant Fan Token USD,AM-USD,2022-06-24,0.3945820033550262,0.4070799946784973,0.3767159879207611,0.3976669907569885,0.3976669907569885,56171
Aston Martin Cognizant Fan Token USD,AM-USD,2022-06-25,0.3976829946041107,0.4143149852752685,0.3755140006542206,0.4085760116577148,0.4085760116577148,52486
Aston Martin Cognizant Fan Token USD,AM-USD,2022-06-26,0.4084669947624206,0.4144589900970459,0.3803879916667938,0.3839699923992157,0.3839699923992157,43117
Aston Martin Cognizant Fan Token USD,AM-USD,2022-06-27,0.3839730024337768,0.4383249878883362,0.3815439939498901,0.408935010433197,0.408935010433197,55931
Aston Martin Cognizant Fan Token USD,AM-USD,2022-06-28,0.4088029861450195,0.4504280090332031,0.3888629972934723,0.3888939917087555,0.3888939917087555,48534
Aston Martin Cognizant Fan Token USD,AM-USD,2022-06-29,0.3888800144195556,0.4002569913864136,0.3777630031108856,0.383432000875473,0.383432000875473,42820
Aston Martin Cognizant Fan Token USD,AM-USD,2022-06-30,0.3834829926490783,0.3849869966506958,0.3279109895229339,0.3659889996051788,0.3659889996051788,51141
Aston Martin Cognizant Fan Token USD,AM-USD,2022-07-01,0.3662720024585724,0.3735019862651825,0.3496130108833313,0.3533140122890472,0.3533140122890472,47400
Aston Martin Cognizant Fan Token USD,AM-USD,2022-07-02,0.3534440100193023,0.3726139962673187,0.3499279916286468,0.3611289858818054,0.3611289858818054,44337
Aston Martin Cognizant Fan Token USD,AM-USD,2022-07-03,0.3611240088939667,0.3715490102767944,0.3432359993457794,0.3486469984054565,0.3486469984054565,46181
Aston Martin Cognizant Fan Token USD,AM-USD,2022-07-04,0.3486379981040954,0.3778220117092132,0.3384610116481781,0.3661450147628784,0.3661450147628784,50151
Aston Martin Cognizant Fan Token USD,AM-USD,2022-07-05,0.3661539852619171,0.3719390034675598,0.3452500104904175,0.3555049896240234,0.3555049896240234,46095
Aston Martin Cognizant Fan Token USD,AM-USD,2022-07-06,0.3555729985237121,0.3702859878540039,0.347799003124237,0.3610320091247558,0.3610320091247558,44657
Aston Martin Cognizant Fan Token USD,AM-USD,2022-07-07,0.3610259890556335,0.3744510114192962,0.3539069890975952,0.3728159964084625,0.3728159964084625,44912
Aston Martin Cognizant Fan Token USD,AM-USD,2022-07-08,0.3727650046348572,0.376350998878479,0.3547950088977813,0.3620440065860748,0.3620440065860748,45348
Aston Martin Cognizant Fan Token USD,AM-USD,2022-07-09,0.3620029985904693,0.3954760134220123,0.3598859906196594,0.3718900084495544,0.3718900084495544,45482
Aston Martin Cognizant Fan Token USD,AM-USD,2022-07-10,0.3718819916248321,0.3869220018386841,0.3587459921836853,0.376469999551773,0.376469999551773,49758
Aston Martin Cognizant Fan Token USD,AM-USD,2022-07-11,0.3764530122280121,0.4000020027160644,0.3723649978637695,0.3815209865570068,0.3815209865570068,52327
Aston Martin Cognizant Fan Token USD,AM-USD,2022-07-12,0.3816669881343841,0.3957610130310058,0.3476710021495819,0.3528499901294708,0.3528499901294708,50416
Aston Martin Cognizant Fan Token USD,AM-USD,2022-07-13,0.3527370095252991,0.3711889982223511,0.3393769860267639,0.3707149922847748,0.3707149922847748,49442
Aston Martin Cognizant Fan Token USD,AM-USD,2022-07-14,0.3707099854946136,0.3804849982261657,0.3534019887447357,0.3741120100021362,0.3741120100021362,47795
Aston Martin Cognizant Fan Token USD,AM-USD,2022-07-15,0.3741340041160583,0.3949039876461029,0.3678460121154785,0.381287008523941,0.381287008523941,47654
Aston Martin Cognizant Fan Token USD,AM-USD,2022-07-16,0.3812499940395355,0.4028689861297607,0.3719879984855652,0.3932049870491028,0.3932049870491028,47875
Aston Martin Cognizant Fan Token USD,AM-USD,2022-07-17,0.3932940065860748,0.4010179936885834,0.3735870122909546,0.3749330043792724,0.3749330043792724,46591
Aston Martin Cognizant Fan Token USD,AM-USD,2022-07-18,0.3749569952487945,0.4185470044612884,0.3700900077819824,0.4082500040531158,0.4082500040531158,48609
Aston Martin Cognizant Fan Token USD,AM-USD,2022-07-19,0.4081110060214996,0.4240890145301819,0.3923799991607666,0.4056859910488128,0.4056859910488128,43753
Aston Martin Cognizant Fan Token USD,AM-USD,2022-07-20,0.4058229923248291,0.4196470081806183,0.3763389885425567,0.3794690072536468,0.3794690072536468,38133
Aston Martin Cognizant Fan Token USD,AM-USD,2022-07-21,0.3794350028038025,0.3914679884910583,0.3642910122871399,0.3857200145721435,0.3857200145721435,48783
Aston Martin Cognizant Fan Token USD,AM-USD,2022-07-22,0.3857490122318268,0.4019410014152527,0.3632810115814209,0.3767789900302887,0.3767789900302887,45812
Aston Martin Cognizant Fan Token USD,AM-USD,2022-07-23,0.3766700029373169,0.3968659937381744,0.3706890046596527,0.3923960030078888,0.3923960030078888,46115
Aston Martin Cognizant Fan Token USD,AM-USD,2022-07-24,0.392410010099411,0.4085820019245147,0.3815900087356567,0.3975619971752167,0.3975619971752167,48127
Aston Martin Cognizant Fan Token USD,AM-USD,2022-07-25,0.3975389897823334,0.3975389897823334,0.3630180060863495,0.3653090000152588,0.3653090000152588,46195
Aston Martin Cognizant Fan Token USD,AM-USD,2022-07-26,0.3654110133647918,0.3715119957923889,0.3481520116329193,0.3687799870967865,0.3687799870967865,47395
Aston Martin Cognizant Fan Token USD,AM-USD,2022-07-27,0.368927001953125,0.4039120078086853,0.3620719909667969,0.4029630124568939,0.4029630124568939,51634
Aston Martin Cognizant Fan Token USD,AM-USD,2022-07-28,0.4029580056667328,0.4376400113105774,0.3942880034446716,0.4292509853839874,0.4292509853839874,65146
Aston Martin Cognizant Fan Token USD,AM-USD,2022-07-29,0.4292779862880707,0.5158020257949829,0.4066880047321319,0.4850069880485534,0.4850069880485534,72252
Aston Martin Cognizant Fan Token USD,AM-USD,2022-07-30,0.4849880039691925,0.5231429934501648,0.4640620052814483,0.4822899997234344,0.4822899997234344,65499
Aston Martin Cognizant Fan Token USD,AM-USD,2022-07-31,0.4821139872074127,0.5295109748840332,0.4617539942264557,0.4665290117263794,0.4665290117263794,66917
Aston Martin Cognizant Fan Token USD,AM-USD,2022-08-01,0.4665330052375793,0.5945389866828918,0.4456450045108795,0.5405719876289368,0.5405719876289368,79985
Aston Martin Cognizant Fan Token USD,AM-USD,2022-08-02,0.5404059886932373,0.5524430274963379,0.4696539938449859,0.501820981502533,0.501820981502533,62034
Aston Martin Cognizant Fan Token USD,AM-USD,2022-08-03,0.5019540190696716,0.5136309862136841,0.4644179940223694,0.4715099930763244,0.4715099930763244,56869
Aston Martin Cognizant Fan Token USD,AM-USD,2022-08-04,0.4715250134468078,0.5940250158309937,0.4714190065860748,0.5468180179595947,0.5468180179595947,76333
Aston Martin Cognizant Fan Token USD,AM-USD,2022-08-05,0.5468270182609558,0.5863800048828125,0.5083439946174622,0.5500310063362122,0.5500310063362122,77019
Aston Martin Cognizant Fan Token USD,AM-USD,2022-08-06,0.550055980682373,0.6109560132026672,0.5482169985771179,0.5581769943237305,0.5581769943237305,83344
Aston Martin Cognizant Fan Token USD,AM-USD,2022-08-07,0.5583130121231079,0.6107119917869568,0.5486549735069275,0.5712739825248718,0.5712739825248718,74327
Aston Martin Cognizant Fan Token USD,AM-USD,2022-08-08,0.5712869763374329,0.5981060266494751,0.5452690124511719,0.5641520023345947,0.5641520023345947,66888
Aston Martin Cognizant Fan Token USD,AM-USD,2022-08-09,0.564149022102356,0.578544020652771,0.5378760099411011,0.5515350103378296,0.5515350103378296,67671
Aston Martin Cognizant Fan Token USD,AM-USD,2022-08-10,0.5515159964561462,0.5881360173225403,0.5335010290145874,0.5675820112228394,0.5675820112228394,72979
Aston Martin Cognizant Fan Token USD,AM-USD,2022-08-11,0.5676169991493225,0.5884339809417725,0.5452640056610107,0.5453259944915771,0.5453259944915771,70060
Aston Martin Cognizant Fan Token USD,AM-USD,2022-08-12,0.5453019738197327,0.6161379814147949,0.5385069847106934,0.6030880212783813,0.6030880212783813,61549
Aston Martin Cognizant Fan Token USD,AM-USD,2022-08-13,0.6031140089035034,0.6081420183181763,0.5857049822807312,0.6000789999961853,0.6000789999961853,72285
Aston Martin Cognizant Fan Token USD,AM-USD,2022-08-14,0.6001920104026794,0.696274995803833,0.5994489789009094,0.6652079820632935,0.6652079820632935,94638
Aston Martin Cognizant Fan Token USD,AM-USD,2022-08-15,0.665166974067688,0.7339760065078735,0.6348469853401184,0.6884710192680359,0.6884710192680359,101082
Aston Martin Cognizant Fan Token USD,AM-USD,2022-08-16,0.6886169910430908,0.7609879970550537,0.6234350204467773,0.6290979981422424,0.6290979981422424,120857
Aston Martin Cognizant Fan Token USD,AM-USD,2022-08-17,0.6290640234947205,0.6907269954681396,0.6050580143928528,0.6590999960899353,0.6590999960899353,100594
Aston Martin Cognizant Fan Token USD,AM-USD,2022-08-18,0.6591219902038574,0.7158290147781372,0.6039509773254395,0.6646360158920288,0.6646360158920288,86374
Aston Martin Cognizant Fan Token USD,AM-USD,2022-08-19,0.6641830205917358,0.6641830205917358,0.5689120292663574,0.5899270176887512,0.5899270176887512,103573
Aston Martin Cognizant Fan Token USD,AM-USD,2022-08-20,0.5899530053138733,0.6014000177383423,0.5249500274658203,0.5508520007133484,0.5508520007133484,86253
Aston Martin Cognizant Fan Token USD,AM-USD,2022-08-21,0.5507540106773376,0.5921710133552551,0.5377050042152405,0.5724030137062073,0.5724030137062073,80892
Aston Martin Cognizant Fan Token USD,AM-USD,2022-08-22,0.5723599791526794,0.6679810285568237,0.5492969751358032,0.6631060242652893,0.6631060242652893,103734
Aston Martin Cognizant Fan Token USD,AM-USD,2022-08-23,0.6632149815559387,0.799340009689331,0.6115120053291321,0.7534859776496887,0.7534859776496887,120993
Aston Martin Cognizant Fan Token USD,AM-USD,2022-08-24,0.7536410093307495,1.0922009944915771,0.7060859799385071,0.9544540047645568,0.9544540047645568,147338
Aston Martin Cognizant Fan Token USD,AM-USD,2022-08-25,0.9544749855995178,0.9618639945983888,0.7532740235328674,0.7849990129470825,0.7849990129470825,128903
Aston Martin Cognizant Fan Token USD,AM-USD,2022-08-26,0.7849860191345215,0.9450600147247314,0.4953350126743316,0.5073879957199097,0.5073879957199097,317739
Aston Martin Cognizant Fan Token USD,AM-USD,2022-08-27,0.508076012134552,0.628055989742279,0.5005689859390259,0.600458025932312,0.600458025932312,116361
Aston Martin Cognizant Fan Token USD,AM-USD,2022-08-28,0.6004319787025452,0.6673799753189087,0.5291590094566345,0.5829139947891235,0.5829139947891235,124683
Aston Martin Cognizant Fan Token USD,AM-USD,2022-08-29,0.5822150111198425,0.6591870188713074,0.5372359752655029,0.6062999963760376,0.6062999963760376,131436
Aston Martin Cognizant Fan Token USD,AM-USD,2022-08-30,0.6061760187149048,0.6524339914321899,0.4978320002555847,0.5812810063362122,0.5812810063362122,145300
Aston Martin Cognizant Fan Token USD,AM-USD,2022-08-31,0.5813140273094177,0.62077397108078,0.555296003818512,0.5917750000953674,0.5917750000953674,107836
Aston Martin Cognizant Fan Token USD,AM-USD,2022-09-01,0.5923489928245544,0.606764018535614,0.5590400099754333,0.5855209827423096,0.5855209827423096,123047
Aston Martin Cognizant Fan Token USD,AM-USD,2022-09-02,0.585536003112793,0.623786985874176,0.5708180069923401,0.6005430221557617,0.6005430221557617,96528
Aston Martin Cognizant Fan Token USD,AM-USD,2022-09-03,0.6007109880447388,0.6054620146751404,0.5379679799079895,0.5763030052185059,0.5763030052185059,92654
Aston Martin Cognizant Fan Token USD,AM-USD,2022-09-04,0.5761380195617676,0.5790029764175415,0.5529839992523193,0.5567029714584351,0.5567029714584351,93157
Aston Martin Cognizant Fan Token USD,AM-USD,2022-09-05,0.5567449927330017,0.584867000579834,0.534492015838623,0.5510870218276978,0.5510870218276978,90611
Aston Martin Cognizant Fan Token USD,AM-USD,2022-09-06,0.5511090159416199,0.5627400279045105,0.5033149719238281,0.5162550210952759,0.5162550210952759,87559
Aston Martin Cognizant Fan Token USD,AM-USD,2022-09-07,0.5160380005836487,0.5410810112953186,0.511726975440979,0.526308000087738,0.526308000087738,86205
Aston Martin Cognizant Fan Token USD,AM-USD,2022-09-08,0.5262770056724548,0.563103973865509,0.4908240139484405,0.5534510016441345,0.5534510016441345,89804
Aston Martin Cognizant Fan Token USD,AM-USD,2022-09-09,0.5533999800682068,0.5999460220336914,0.5519790053367615,0.5942540168762207,0.5942540168762207,108954
Aston Martin Cognizant Fan Token USD,AM-USD,2022-09-10,0.5941939949989319,0.6028900146484375,0.578577995300293,0.5929489731788635,0.5929489731788635,86279
Aston Martin Cognizant Fan Token USD,AM-USD,2022-09-11,0.5927870273590088,0.6136509776115417,0.5527610182762146,0.5720340013504028,0.5720340013504028,94206
Aston Martin Cognizant Fan Token USD,AM-USD,2022-09-12,0.5720679759979248,0.5816959738731384,0.5227680206298828,0.5427780151367188,0.5427780151367188,87950
Aston Martin Cognizant Fan Token USD,AM-USD,2022-09-13,0.5427590012550354,0.5869640111923218,0.4806930124759674,0.5556529760360718,0.5556529760360718,114051
Aston Martin Cognizant Fan Token USD,AM-USD,2022-09-14,0.5497469902038574,0.5768709778785706,0.4917879998683929,0.5135610103607178,0.5135610103607178,85481
Aston Martin Cognizant Fan Token USD,AM-USD,2022-09-15,0.5135329961776733,0.5300170183181763,0.4810599982738495,0.5134069919586182,0.5134069919586182,86129
Aston Martin Cognizant Fan Token USD,AM-USD,2022-09-16,0.5135279893875122,0.5868319869041443,0.5099409818649292,0.5638740062713623,0.5638740062713623,117569
Aston Martin Cognizant Fan Token USD,AM-USD,2022-09-17,0.5640190243721008,0.5973939895629883,0.5548350214958191,0.5906100273132324,0.5906100273132324,99926
Aston Martin Cognizant Fan Token USD,AM-USD,2022-09-18,0.5903099775314331,0.6319800019264221,0.5617600083351135,0.5773640275001526,0.5773640275001526,98186
Aston Martin Cognizant Fan Token USD,AM-USD,2022-09-19,0.5773730278015137,0.6038399934768677,0.501645028591156,0.5564159750938416,0.5564159750938416,114498
Aston Martin Cognizant Fan Token USD,AM-USD,2022-09-20,0.5565260052680969,0.5637900233268738,0.521336019039154,0.5353900194168091,0.5353900194168091,94791
Aston Martin Cognizant Fan Token USD,AM-USD,2022-09-21,0.5352209806442261,0.5401620268821716,0.439067006111145,0.4796000123023987,0.4796000123023987,105154
Aston Martin Cognizant Fan Token USD,AM-USD,2022-09-22,0.480114996433258,0.5174239873886108,0.4639270007610321,0.5043060183525085,0.5043060183525085,94646
Aston Martin Cognizant Fan Token USD,AM-USD,2022-09-23,0.5041379928588867,0.5298669934272766,0.4778650104999542,0.5144370198249817,0.5144370198249817,103530
Aston Martin Cognizant Fan Token USD,AM-USD,2022-09-24,0.5134530067443848,0.5434799790382385,0.4889140129089355,0.5146790146827698,0.5146790146827698,96375
Aston Martin Cognizant Fan Token USD,AM-USD,2022-09-25,0.5145779848098755,0.538444995880127,0.5096650123596191,0.5216400027275085,0.5216400027275085,86829
Aston Martin Cognizant Fan Token USD,AM-USD,2022-09-26,0.5216730237007141,0.6298940181732178,0.5125010013580322,0.6179540157318115,0.6179540157318115,119638
Aston Martin Cognizant Fan Token USD,AM-USD,2022-09-27,0.6181619763374329,0.8984410166740417,0.6152589917182922,0.7940549850463867,0.7940549850463867,225942
Aston Martin Cognizant Fan Token USD,AM-USD,2022-09-28,0.7940139770507812,0.996051013469696,0.7357620000839233,0.9213250279426576,0.9213250279426576,289404
Aston Martin Cognizant Fan Token USD,AM-USD,2022-09-29,0.9218720197677612,0.993624985218048,0.8071669936180115,0.8438609838485718,0.8438609838485718,223151
Aston Martin Cognizant Fan Token USD,AM-USD,2022-09-30,0.843828022480011,0.8555390238761902,0.7631800174713135,0.7763540148735046,0.7763540148735046,160729
Aston Martin Cognizant Fan Token USD,AM-USD,2022-10-01,0.7763270139694214,1.1330690383911133,0.7756639719009399,0.935280978679657,0.935280978679657,221658
Aston Martin Cognizant Fan Token USD,AM-USD,2022-10-02,0.93471497297287,1.0170170068740845,0.8036929965019226,0.8044400215148926,0.8044400215148926,181390
Aston Martin Cognizant Fan Token USD,AM-USD,2022-10-03,0.804302990436554,0.8629850149154663,0.7172520160675049,0.7172520160675049,0.7172520160675049,160868
Aston Martin Cognizant Fan Token USD,AM-USD,2022-10-04,0.7171249985694885,0.7902730107307434,0.6748700141906738,0.7078459858894348,0.7078459858894348,161031
Aston Martin Cognizant Fan Token USD,AM-USD,2022-10-05,0.7078559994697571,0.7791420221328735,0.6530020236968994,0.6706680059432983,0.6706680059432983,168722
Aston Martin Cognizant Fan Token USD,AM-USD,2022-10-06,0.6707140207290649,0.7178239822387695,0.6419730186462402,0.6436240077018738,0.6436240077018738,177497
Aston Martin Cognizant Fan Token USD,AM-USD,2022-10-07,0.6436190009117126,0.6744189858436584,0.6147699952125549,0.6529930233955383,0.6529930233955383,155719
Aston Martin Cognizant Fan Token USD,AM-USD,2022-10-08,0.6529300212860107,0.6848639845848083,0.6096320152282715,0.6195799708366394,0.6195799708366394,128613
Aston Martin Cognizant Fan Token USD,AM-USD,2022-10-09,0.6190639734268188,0.6251260042190552,0.5777509808540344,0.6058409810066223,0.6058409810066223,138457
Aston Martin Cognizant Fan Token USD,AM-USD,2022-10-10,0.6058229804039001,0.6130710244178772,0.5219680070877075,0.5496760010719299,0.5496760010719299,100773
Aston Martin Cognizant Fan Token USD,AM-USD,2022-10-11,0.5496670007705688,0.5515480041503906,0.5099020004272461,0.5312460064888,0.5312460064888,101568
Aston Martin Cognizant Fan Token USD,AM-USD,2022-10-12,0.5312619805335999,0.562375009059906,0.5203620195388794,0.5361589789390564,0.5361589789390564,77515
Aston Martin Cognizant Fan Token USD,AM-USD,2022-10-13,0.5361449718475342,0.5435360074043274,0.4785439968109131,0.5035160183906555,0.5035160183906555,104658
Aston Martin Cognizant Fan Token USD,AM-USD,2022-10-14,0.5034559965133667,0.5257470011711121,0.4738940000534057,0.4819099903106689,0.4819099903106689,78843
Aston Martin Cognizant Fan Token USD,AM-USD,2022-10-15,0.4819029867649078,0.4970049858093261,0.4669019877910614,0.4899710118770599,0.4899710118770599,69567
Aston Martin Cognizant Fan Token USD,AM-USD,2022-10-16,0.4900049865245819,0.5143020153045654,0.4568719863891601,0.4955280125141144,0.4955280125141144,74207
Aston Martin Cognizant Fan Token USD,AM-USD,2022-10-17,0.4954110085964203,0.5048559904098511,0.4711149930953979,0.4718959927558899,0.4718959927558899,81342
Aston Martin Cognizant Fan Token USD,AM-USD,2022-10-18,0.47222700715065,0.4996289908885956,0.4653199911117553,0.4973329901695251,0.4973329901695251,71553
Aston Martin Cognizant Fan Token USD,AM-USD,2022-10-19,0.4973840117454529,0.4987019896507263,0.4571079909801483,0.4657939970493316,0.4657939970493316,73102
Aston Martin Cognizant Fan Token USD,AM-USD,2022-10-20,0.4656479954719543,0.4898639917373657,0.4223490059375763,0.438293993473053,0.438293993473053,80976
Aston Martin Cognizant Fan Token USD,AM-USD,2022-10-21,0.4382199943065643,0.4821110069751739,0.4294309914112091,0.4741289913654327,0.4741289913654327,76241
Aston Martin Cognizant Fan Token USD,AM-USD,2022-10-22,0.4740409851074219,0.481020987033844,0.4482190012931824,0.449194997549057,0.449194997549057,61908
Aston Martin Cognizant Fan Token USD,AM-USD,2022-10-23,0.4491919875144958,0.4591479897499084,0.4418120086193084,0.4511080086231231,0.4511080086231231,69557
Aston Martin Cognizant Fan Token USD,AM-USD,2022-10-24,0.4511370062828064,0.466513991355896,0.4385820031166076,0.4531050026416778,0.4531050026416778,75655
Aston Martin Cognizant Fan Token USD,AM-USD,2022-10-25,0.4530960023403168,0.479761004447937,0.4451650083065033,0.4621079862117767,0.4621079862117767,85538
Aston Martin Cognizant Fan Token USD,AM-USD,2022-10-26,0.4621280133724212,0.4783830046653747,0.434112012386322,0.4626420140266418,0.4626420140266418,90005
Aston Martin Cognizant Fan Token USD,AM-USD,2022-10-27,0.4626460075378418,0.4721010029315948,0.450857013463974,0.4565539956092834,0.4565539956092834,73266
Aston Martin Cognizant Fan Token USD,AM-USD,2022-10-28,0.4565689861774444,0.4845899939537048,0.4459579885005951,0.478998988866806,0.478998988866806,72948
Aston Martin Cognizant Fan Token USD,AM-USD,2022-10-29,0.4789269864559173,0.4941009879112243,0.4539929926395416,0.4560289978981018,0.4560289978981018,85326
Aston Martin Cognizant Fan Token USD,AM-USD,2022-10-30,0.456041008234024,0.5272079706192017,0.4519850015640259,0.4968740046024322,0.4968740046024322,94599
Aston Martin Cognizant Fan Token USD,AM-USD,2022-10-31,0.4969150125980377,0.5273929834365845,0.4735069870948791,0.4809939861297607,0.4809939861297607,61112
Aston Martin Cognizant Fan Token USD,AM-USD,2022-11-01,0.4809249937534332,0.5023829936981201,0.4654340147972107,0.4872739911079407,0.4872739911079407,17301
Aston Martin Cognizant Fan Token USD,AM-USD,2022-11-02,0.4875650107860565,0.5068169832229614,0.4737229943275451,0.501039981842041,0.501039981842041,26079
Aston Martin Cognizant Fan Token USD,AM-USD,2022-11-03,0.5010740160942078,0.5161309838294983,0.4517129957675934,0.4937619864940643,0.4937619864940643,19304
Aston Martin Cognizant Fan Token USD,AM-USD,2022-11-04,0.4933049976825714,0.4952529966831207,0.4570260047912597,0.4848439991474151,0.4848439991474151,29072
Aston Martin Cognizant Fan Token USD,AM-USD,2022-11-05,0.4848189949989319,0.5313159823417664,0.4780319929122925,0.521327018737793,0.521327018737793,19565
Aston Martin Cognizant Fan Token USD,AM-USD,2022-11-06,0.5213149785995483,0.5450649857521057,0.5039700269699097,0.5039700269699097,0.5039700269699097,21774
Aston Martin Cognizant Fan Token USD,AM-USD,2022-11-07,0.5037530064582825,0.5248649716377258,0.4814020097255707,0.5125280022621155,0.5125280022621155,58788
Aston Martin Cognizant Fan Token USD,AM-USD,2022-11-08,0.5125349760055542,0.5302670001983643,0.3814780116081238,0.4338450133800506,0.4338450133800506,87460
Aston Martin Cognizant Fan Token USD,AM-USD,2022-11-09,0.4339309930801391,0.442221999168396,0.3483169972896576,0.3582090139389038,0.3582090139389038,41996
Aston Martin Cognizant Fan Token USD,AM-USD,2022-11-10,0.3582189977169037,0.4384280145168304,0.3581739962100982,0.4274719953536987,0.4274719953536987,19728
Aston Martin Cognizant Fan Token USD,AM-USD,2022-11-11,0.4275540113449096,0.4583959877490997,0.4021170139312744,0.4229229986667633,0.4229229986667633,11427
Aston Martin Cognizant Fan Token USD,AM-USD,2022-11-12,0.4229049980640411,0.4292910099029541,0.3890399932861328,0.3956339955329895,0.3956339955329895,6799
Aston Martin Cognizant Fan Token USD,AM-USD,2022-11-13,0.3956649899482727,0.4004929959774017,0.3189530074596405,0.3614310026168823,0.3614310026168823,24085
Aston Martin Cognizant Fan Token USD,AM-USD,2022-11-14,0.3608730137348175,0.3783200085163116,0.3402639925479889,0.3576610088348388,0.3576610088348388,14437
Aston Martin Cognizant Fan Token USD,AM-USD,2022-11-15,0.3576120138168335,0.4227449893951416,0.351621001958847,0.3844769895076751,0.3844769895076751,11978
Aston Martin Cognizant Fan Token USD,AM-USD,2022-11-16,0.384469985961914,0.4112809896469116,0.3720889985561371,0.3888539969921112,0.3888539969921112,13002
Aston Martin Cognizant Fan Token USD,AM-USD,2022-11-17,0.3889079988002777,0.4084070026874542,0.3760670125484466,0.397036999464035,0.397036999464035,12143
Aston Martin Cognizant Fan Token USD,AM-USD,2022-11-18,0.3970339894294739,0.4638290107250213,0.3779579997062683,0.4424270093441009,0.4424270093441009,16894
Aston Martin Cognizant Fan Token USD,AM-USD,2022-11-19,0.4426490068435669,0.4443320035934448,0.3867529928684234,0.4042389988899231,0.4042389988899231,27382
Aston Martin Cognizant Fan Token USD,AM-USD,2022-11-20,0.4037989974021911,0.4040670096874237,0.3518120050430298,0.3610950112342834,0.3610950112342834,34537
Aston Martin Cognizant Fan Token USD,AM-USD,2022-11-21,0.3620760142803192,0.3905499875545501,0.3145700097084045,0.3207660019397735,0.3207660019397735,35617
Aston Martin Cognizant Fan Token USD,AM-USD,2022-11-22,0.3201299905776977,0.3475860059261322,0.3088459968566894,0.3238979876041412,0.3238979876041412,30111
Aston Martin Cognizant Fan Token USD,AM-USD,2022-11-23,0.3239229917526245,0.3406449854373932,0.31495401263237,0.3397639989852905,0.3397639989852905,14563
Aston Martin Cognizant Fan Token USD,AM-USD,2022-11-24,0.3391009867191314,0.3419530093669891,0.3225330114364624,0.3339999914169311,0.3339999914169311,14443
Aston Martin Cognizant Fan Token USD,AM-USD,2022-11-25,0.3341760039329529,0.3348009884357452,0.3067440092563629,0.3277080059051513,0.3277080059051513,13650
Aston Martin Cognizant Fan Token USD,AM-USD,2022-11-26,0.3268170058727264,0.3380669951438904,0.321723997592926,0.3249439895153045,0.3249439895153045,14478
Aston Martin Cognizant Fan Token USD,AM-USD,2022-11-27,0.3249349892139435,0.3300989866256714,0.3181450068950653,0.3200269937515259,0.3200269937515259,9782
Aston Martin Cognizant Fan Token USD,AM-USD,2022-11-28,0.3200060129165649,0.3272700011730194,0.3048720061779022,0.3218849897384643,0.3218849897384643,14030
Aston Martin Cognizant Fan Token USD,AM-USD,2022-11-29,0.3216310143470764,0.3368279933929443,0.3216310143470764,0.3237330019474029,0.3237330019474029,10326
Aston Martin Cognizant Fan Token USD,AM-USD,2022-11-30,0.3237409889698028,0.3288770020008087,0.2935679852962494,0.3186199963092804,0.3186199963092804,7940
Aston Martin Cognizant Fan Token USD,AM-USD,2022-12-01,0.3185949921607971,0.3406400084495544,0.3120020031929016,0.3211050033569336,0.3211050033569336,7007
Aston Martin Cognizant Fan Token USD,AM-USD,2022-12-02,0.3211080133914947,0.3751699924468994,0.3137030005455017,0.3324570059776306,0.3324570059776306,8472
Aston Martin Cognizant Fan Token USD,AM-USD,2022-12-03,0.3324840068817138,0.334755003452301,0.3266890048980713,0.3336640000343323,0.3336640000343323,8955
Aston Martin Cognizant Fan Token USD,AM-USD,2022-12-04,0.3336600065231323,0.3360430002212524,0.3147279918193817,0.322746992111206,0.322746992111206,5853
Aston Martin Cognizant Fan Token USD,AM-USD,2022-12-05,0.3227260112762451,0.3275350034236908,0.3094269931316376,0.3166159987449646,0.3166159987449646,9265
Aston Martin Cognizant Fan Token USD,AM-USD,2022-12-06,0.3168559968471527,0.3287909924983978,0.305743008852005,0.3280650079250335,0.3280650079250335,14117
Aston Martin Cognizant Fan Token USD,AM-USD,2022-12-07,0.3279109895229339,0.3319669961929321,0.3036839962005615,0.3070429861545563,0.3070429861545563,14036
Aston Martin Cognizant Fan Token USD,AM-USD,2022-12-08,0.3070479929447174,0.3207620084285736,0.2966659963130951,0.3134570121765136,0.3134570121765136,7371
Aston Martin Cognizant Fan Token USD,AM-USD,2022-12-09,0.3134190142154693,0.3207409977912903,0.2971509993076324,0.3029699921607971,0.3029699921607971,6959
Aston Martin Cognizant Fan Token USD,AM-USD,2022-12-10,0.302973985671997,0.3122619986534118,0.3006190061569214,0.3023659884929657,0.3023659884929657,5588
Aston Martin Cognizant Fan Token USD,AM-USD,2022-12-11,0.3023580014705658,0.3088499903678894,0.2872389853000641,0.2976619899272918,0.2976619899272918,53824
Aston Martin Cognizant Fan Token USD,AM-USD,2022-12-12,0.2965579926967621,0.2994439899921417,0.2840209901332855,0.2971419990062713,0.2971419990062713,12819
Aston Martin Cognizant Fan Token USD,AM-USD,2022-12-13,0.2971439957618713,0.2988159954547882,0.2763299942016601,0.2952989935874939,0.2952989935874939,9921
Aston Martin Cognizant Fan Token USD,AM-USD,2022-12-14,0.295318990945816,0.3081569969654083,0.2909699976444244,0.2979820072650909,0.2979820072650909,9589
Aston Martin Cognizant Fan Token USD,AM-USD,2022-12-15,0.2979759871959686,0.3117589950561523,0.2740769982337951,0.3072740137577057,0.3072740137577057,16881
Aston Martin Cognizant Fan Token USD,AM-USD,2022-12-16,0.3074640035629272,0.3385289907455444,0.2773660123348236,0.2888439893722534,0.2888439893722534,17784
Aston Martin Cognizant Fan Token USD,AM-USD,2022-12-17,0.2888430058956146,0.2899389863014221,0.2525149881839752,0.2710370123386383,0.2710370123386383,21916
Aston Martin Cognizant Fan Token USD,AM-USD,2022-12-18,0.2710340023040771,0.2970600128173828,0.2539690136909485,0.2618660032749176,0.2618660032749176,894508
Aston Martin Cognizant Fan Token USD,AM-USD,2022-12-19,0.261691004037857,0.2618499994277954,0.2396039962768554,0.2410729974508285,0.2410729974508285,157329
Aston Martin Cognizant Fan Token USD,AM-USD,2022-12-20,0.2410970032215118,0.2469010055065155,0.2305690050125122,0.2438749969005584,0.2438749969005584,142493
Aston Martin Cognizant Fan Token USD,AM-USD,2022-12-21,0.2438739985227584,0.2443999946117401,0.2330899983644485,0.2415550053119659,0.2415550053119659,154927
Aston Martin Cognizant Fan Token USD,AM-USD,2022-12-22,0.2414660006761551,0.2497600018978119,0.2380769997835159,0.2404509931802749,0.2404509931802749,157123
Aston Martin Cognizant Fan Token USD,AM-USD,2022-12-23,0.2406830042600631,0.2564469873905182,0.2382880002260208,0.2434490025043487,0.2434490025043487,159014
Aston Martin Cognizant Fan Token USD,AM-USD,2022-12-24,0.2436430007219314,0.2566420137882232,0.2426719963550567,0.2505449950695038,0.2505449950695038,77636
Aston Martin Cognizant Fan Token USD,AM-USD,2022-12-25,0.2509079873561859,0.2523649930953979,0.2434400022029876,0.246298998594284,0.246298998594284,57083
Aston Martin Cognizant Fan Token USD,AM-USD,2022-12-26,0.2459889948368072,0.2523170113563537,0.2384629994630813,0.24652099609375,0.24652099609375,54437
Aston Martin Cognizant Fan Token USD,AM-USD,2022-12-27,0.2465009987354278,0.2497050017118454,0.238642007112503,0.2420800030231475,0.2420800030231475,57236
Aston Martin Cognizant Fan Token USD,AM-USD,2022-12-28,0.2420819997787475,0.2481240034103393,0.2389370054006576,0.241918995976448,0.241918995976448,55192
Aston Martin Cognizant Fan Token USD,AM-USD,2022-12-29,0.241920992732048,0.2428870052099228,0.224044993519783,0.2256589978933334,0.2256589978933334,57324
Aston Martin Cognizant Fan Token USD,AM-USD,2022-12-30,0.2260369956493377,0.2725099921226501,0.2186319977045059,0.2563869953155517,0.2563869953155517,65993
Aston Martin Cognizant Fan Token USD,AM-USD,2022-12-31,0.2568100094795227,0.258078008890152,0.2202329933643341,0.2309589982032776,0.2309589982032776,62509
Aston Martin Cognizant Fan Token USD,AM-USD,2023-01-01,0.231113001704216,0.2337000072002411,0.2190999984741211,0.2222529947757721,0.2222529947757721,56721
Aston Martin Cognizant Fan Token USD,AM-USD,2023-01-02,0.2222640067338943,0.2280080020427703,0.2199289947748184,0.222922995686531,0.222922995686531,53824
Aston Martin Cognizant Fan Token USD,AM-USD,2023-01-03,0.2228869944810867,0.2257709950208664,0.2205079942941665,0.225284993648529,0.225284993648529,53312
Aston Martin Cognizant Fan Token USD,AM-USD,2023-01-04,0.2252880036830902,0.2288530021905899,0.2200630009174347,0.2251430004835128,0.2251430004835128,53572
Aston Martin Cognizant Fan Token USD,AM-USD,2023-01-05,0.2249799966812133,0.247867003083229,0.2245370000600814,0.243939995765686,0.243939995765686,61664
Aston Martin Cognizant Fan Token USD,AM-USD,2023-01-06,0.2439489960670471,0.2468370050191879,0.2320059984922409,0.2407490015029907,0.2407490015029907,55774
Aston Martin Cognizant Fan Token USD,AM-USD,2023-01-07,0.2407460063695907,0.2449840009212494,0.2369980067014694,0.2449769973754882,0.2449769973754882,49993
Aston Martin Cognizant Fan Token USD,AM-USD,2023-01-08,0.2449720054864883,0.2450280040502548,0.2270880043506622,0.2415399998426437,0.2415399998426437,56951
Aston Martin Cognizant Fan Token USD,AM-USD,2023-01-09,0.2414499968290329,0.25381800532341,0.2391899973154068,0.2531349956989288,0.2531349956989288,57284
Aston Martin Cognizant Fan Token USD,AM-USD,2023-01-10,0.252470999956131,0.2639980018138885,0.2511720061302185,0.261909008026123,0.261909008026123,55205
Aston Martin Cognizant Fan Token USD,AM-USD,2023-01-11,0.2617619931697845,0.2644439935684204,0.2533519864082336,0.2613359987735748,0.2613359987735748,59848
Aston Martin Cognizant Fan Token USD,AM-USD,2023-01-12,0.2644320130348205,0.3051710128784179,0.2629289925098419,0.2806769907474518,0.2806769907474518,59020
Aston Martin Cognizant Fan Token USD,AM-USD,2023-01-13,0.2809459865093231,0.2991200089454651,0.2786490023136139,0.2888469994068146,0.2888469994068146,61153
Aston Martin Cognizant Fan Token USD,AM-USD,2023-01-14,0.2890340089797973,0.3201009929180145,0.288798987865448,0.3111520111560821,0.3111520111560821,61542
Aston Martin Cognizant Fan Token USD,AM-USD,2023-01-15,0.310699999332428,0.3411970138549804,0.2980670034885406,0.3380990028381347,0.3380990028381347,68946
Aston Martin Cognizant Fan Token USD,AM-USD,2023-01-16,0.3376680016517639,0.4582909941673279,0.331155002117157,0.4392200112342834,0.4392200112342834,95107
Aston Martin Cognizant Fan Token USD,AM-USD,2023-01-17,0.4395749866962433,0.4531719982624054,0.4066689908504486,0.4072400033473968,0.4072400033473968,68930
Aston Martin Cognizant Fan Token USD,AM-USD,2023-01-18,0.407397985458374,0.4248349964618683,0.3876850008964538,0.3876850008964538,0.3876850008964538,58772
Aston Martin Cognizant Fan Token USD,AM-USD,2023-01-19,0.3874540030956268,0.4206190109252929,0.3838259875774383,0.4041579961776733,0.4041579961776733,56403
Aston Martin Cognizant Fan Token USD,AM-USD,2023-01-20,0.4044989943504333,0.4144009947776794,0.387364000082016,0.413347989320755,0.413347989320755,57005
Aston Martin Cognizant Fan Token USD,AM-USD,2023-01-21,0.4130110144615173,0.4193120002746582,0.4049659967422485,0.4110369980335235,0.4110369980335235,55411
Aston Martin Cognizant Fan Token USD,AM-USD,2023-01-22,0.4110450148582458,0.4122140109539032,0.3905659914016723,0.3940370082855224,0.3940370082855224,52266
Aston Martin Cognizant Fan Token USD,AM-USD,2023-01-23,0.392518013715744,0.4052689969539642,0.3872349858283996,0.4034759998321533,0.4034759998321533,56716
Aston Martin Cognizant Fan Token USD,AM-USD,2023-01-24,0.4034540057182312,0.4116039872169494,0.3773190081119537,0.385107010602951,0.385107010602951,54306
Aston Martin Cognizant Fan Token USD,AM-USD,2023-01-25,0.3850640058517456,0.3868359923362732,0.3498469889163971,0.3758490085601806,0.3758490085601806,61027
Aston Martin Cognizant Fan Token USD,AM-USD,2023-01-26,0.3758380115032196,0.4396229982376098,0.3736949861049652,0.4007700085639953,0.4007700085639953,58785
Aston Martin Cognizant Fan Token USD,AM-USD,2023-01-27,0.3992959856986999,0.4014410078525543,0.3839899897575378,0.3946599960327148,0.3946599960327148,54560
Aston Martin Cognizant Fan Token USD,AM-USD,2023-01-28,0.3945749998092651,0.4091149866580963,0.3880690038204193,0.390531986951828,0.390531986951828,56680
Aston Martin Cognizant Fan Token USD,AM-USD,2023-01-29,0.3905369937419891,0.4134860038757324,0.3896799981594085,0.3985260128974914,0.3985260128974914,57261
Aston Martin Cognizant Fan Token USD,AM-USD,2023-01-30,0.3983620107173919,0.4009259939193725,0.3777199983596802,0.3885200023651123,0.3885200023651123,57154
Aston Martin Cognizant Fan Token USD,AM-USD,2023-01-31,0.3879910111427307,0.4006269872188568,0.3861800134181976,0.3906989991664886,0.3906989991664886,55772
Aston Martin Cognizant Fan Token USD,AM-USD,2023-02-01,0.3908819854259491,0.4042269885540008,0.3860560059547424,0.4024060070514679,0.4024060070514679,54929
Aston Martin Cognizant Fan Token USD,AM-USD,2023-02-02,0.4024249911308288,0.4117799997329712,0.3873960077762604,0.3943080008029938,0.3943080008029938,53441
Aston Martin Cognizant Fan Token USD,AM-USD,2023-02-03,0.3942869901657104,0.4057390093803406,0.3837920129299164,0.4032819867134094,0.4032819867134094,55399
Aston Martin Cognizant Fan Token USD,AM-USD,2023-02-04,0.4032770097255707,0.4084570109844208,0.3732320070266723,0.3943009972572326,0.3943009972572326,54750
Aston Martin Cognizant Fan Token USD,AM-USD,2023-02-05,0.3943159878253937,0.3989239931106567,0.3757520020008087,0.3860960006713867,0.3860960006713867,49282
Aston Martin Cognizant Fan Token USD,AM-USD,2023-02-06,0.3860999941825866,0.3997659981250763,0.3768869936466217,0.3816390037536621,0.3816390037536621,53448
Aston Martin Cognizant Fan Token USD,AM-USD,2023-02-07,0.3816309869289398,0.4160319864749908,0.3796440064907074,0.3988130092620849,0.3988130092620849,57137
Aston Martin Cognizant Fan Token USD,AM-USD,2023-02-08,0.3998540043830871,0.4240129888057709,0.3938669860363006,0.4090909957885742,0.4090909957885742,56086
Aston Martin Cognizant Fan Token USD,AM-USD,2023-02-09,0.4091179966926574,0.421900987625122,0.3420619964599609,0.3420619964599609,0.3420619964599609,60760
Aston Martin Cognizant Fan Token USD,AM-USD,2023-02-10,0.3418669998645782,0.3784520030021667,0.341509997844696,0.3753289878368377,0.3753289878368377,56626
Aston Martin Cognizant Fan Token USD,AM-USD,2023-02-11,0.3755260109901428,0.3938530087471008,0.37431401014328,0.3829500079154968,0.3829500079154968,54408
Aston Martin Cognizant Fan Token USD,AM-USD,2023-02-12,0.3829450011253357,0.3905360102653503,0.3704909980297088,0.3754020035266876,0.3754020035266876,54024
Aston Martin Cognizant Fan Token USD,AM-USD,2023-02-13,0.3756830096244812,0.3940899968147278,0.3684659898281097,0.3735550045967102,0.3735550045967102,60532
Aston Martin Cognizant Fan Token USD,AM-USD,2023-02-14,0.3736369907855987,0.4273400008678436,0.3648470044136047,0.4189769923686981,0.4189769923686981,73256
Aston Martin Cognizant Fan Token USD,AM-USD,2023-02-15,0.4192050099372864,0.4473850131034851,0.4057720005512237,0.4164139926433563,0.4164139926433563,59476
Aston Martin Cognizant Fan Token USD,AM-USD,2023-02-16,0.4162609875202179,0.4283620119094848,0.4080710113048553,0.4136010110378265,0.4136010110378265,58557
Aston Martin Cognizant Fan Token USD,AM-USD,2023-02-17,0.413673996925354,0.4441710114479065,0.4128789901733398,0.4336679875850677,0.4336679875850677,65515
Aston Martin Cognizant Fan Token USD,AM-USD,2023-02-18,0.4336360096931457,0.4742569923400879,0.4259670078754425,0.450545996427536,0.450545996427536,68203
Aston Martin Cognizant Fan Token USD,AM-USD,2023-02-19,0.4502129852771759,0.4566429853439331,0.4279839992523193,0.4342820048332214,0.4342820048332214,55220
Aston Martin Cognizant Fan Token USD,AM-USD,2023-02-20,0.433569997549057,0.4407989978790283,0.4237489998340606,0.4361909925937652,0.4361909925937652,57267
Aston Martin Cognizant Fan Token USD,AM-USD,2023-02-21,0.4361970126628876,0.4410310089588165,0.4220139980316162,0.424221009016037,0.424221009016037,53269
Aston Martin Cognizant Fan Token USD,AM-USD,2023-02-22,0.4239709973335266,0.4388599991798401,0.4182659983634949,0.4257380068302154,0.4257380068302154,54303
Aston Martin Cognizant Fan Token USD,AM-USD,2023-02-23,0.4257760047912597,0.4413439929485321,0.4202559888362884,0.4259980022907257,0.4259980022907257,56132
Aston Martin Cognizant Fan Token USD,AM-USD,2023-02-24,0.4259940087795257,0.4496229887008667,0.4171609878540039,0.4487020075321197,0.4487020075321197,60042
Aston Martin Cognizant Fan Token USD,AM-USD,2023-02-25,0.4489420056343078,0.4613789916038513,0.4089640080928802,0.4252490103244781,0.4252490103244781,66949
Aston Martin Cognizant Fan Token USD,AM-USD,2023-02-26,0.4253109991550445,0.4393680095672607,0.413224995136261,0.4361540079116821,0.4361540079116821,55735
Aston Martin Cognizant Fan Token USD,AM-USD,2023-02-27,0.4359450042247772,0.5336750149726868,0.4256890118122101,0.5145310163497925,0.5145310163497925,85597
Aston Martin Cognizant Fan Token USD,AM-USD,2023-02-28,0.5148000121116638,0.5760549902915955,0.5068119764328003,0.541271984577179,0.541271984577179,71210
Aston Martin Cognizant Fan Token USD,AM-USD,2023-03-01,0.5413650274276733,0.5543699860572815,0.4932880103588104,0.5376219749450684,0.5376219749450684,64782
Aston Martin Cognizant Fan Token USD,AM-USD,2023-03-02,0.5380539894104004,0.560634970664978,0.5102059841156006,0.5112529993057251,0.5112529993057251,56992
Aston Martin Cognizant Fan Token USD,AM-USD,2023-03-03,0.511260986328125,0.5126850008964539,0.4454030096530914,0.4623909890651703,0.4623909890651703,60721
Aston Martin Cognizant Fan Token USD,AM-USD,2023-03-04,0.4623860120773315,0.5015990138053894,0.4116739928722381,0.4279080033302307,0.4279080033302307,62026
Aston Martin Cognizant Fan Token USD,AM-USD,2023-03-05,0.426389992237091,0.4762539863586426,0.426389992237091,0.4699389934539795,0.4699389934539795,57817
Aston Martin Cognizant Fan Token USD,AM-USD,2023-03-06,0.4699319899082184,0.4890660047531128,0.4394800066947937,0.4660840034484863,0.4660840034484863,62852
Aston Martin Cognizant Fan Token USD,AM-USD,2023-03-07,0.4661920070648193,0.4697990119457245,0.435683012008667,0.4483709931373596,0.4483709931373596,55361
Aston Martin Cognizant Fan Token USD,AM-USD,2023-03-08,0.4484300017356872,0.4542140066623688,0.3925069868564605,0.4161210060119629,0.4161210060119629,56836
Aston Martin Cognizant Fan Token USD,AM-USD,2023-03-09,0.4160560071468353,0.4162630140781402,0.3555429875850677,0.3733029961585998,0.3733029961585998,53795
Aston Martin Cognizant Fan Token USD,AM-USD,2023-03-10,0.3739509880542755,0.3897579908370971,0.3688110113143921,0.3886620104312897,0.3886620104312897,55453
Aston Martin Cognizant Fan Token USD,AM-USD,2023-03-11,0.3886550068855285,0.4278610050678253,0.3728030025959015,0.3974010050296783,0.3974010050296783,56149
Aston Martin Cognizant Fan Token USD,AM-USD,2023-03-12,0.3970150053501129,0.4019699990749359,0.375573992729187,0.3931060135364532,0.3931060135364532,57486
Aston Martin Cognizant Fan Token USD,AM-USD,2023-03-13,0.3927649855613708,0.4061489999294281,0.3775779902935028,0.3973560035228729,0.3973560035228729,61431
Aston Martin Cognizant Fan Token USD,AM-USD,2023-03-14,0.3979530036449432,0.4247699975967407,0.384799987077713,0.4087510108947754,0.4087510108947754,60897
Aston Martin Cognizant Fan Token USD,AM-USD,2023-03-15,0.4088329970836639,0.4171560108661651,0.385206013917923,0.3883039951324463,0.3883039951324463,53363
Aston Martin Cognizant Fan Token USD,AM-USD,2023-03-16,0.388498991727829,0.3947159945964813,0.3718180060386657,0.3853209912776947,0.3853209912776947,54838
Aston Martin Cognizant Fan Token USD,AM-USD,2023-03-17,0.3849290013313293,0.4157890081405639,0.3770189881324768,0.3864850103855133,0.3864850103855133,56304
Aston Martin Cognizant Fan Token USD,AM-USD,2023-03-18,0.3857159912586212,0.410849004983902,0.383776992559433,0.408143013715744,0.408143013715744,58340
Aston Martin Cognizant Fan Token USD,AM-USD,2023-03-19,0.4078760147094726,0.4150069952011108,0.3931919932365417,0.3954519927501678,0.3954519927501678,52835
Aston Martin Cognizant Fan Token USD,AM-USD,2023-03-20,0.3954769968986511,0.4148989915847778,0.390051007270813,0.3949100077152252,0.3949100077152252,54027
Aston Martin Cognizant Fan Token USD,AM-USD,2023-03-21,0.3950850069522857,0.4074099957942962,0.3908059895038605,0.4036209881305694,0.4036209881305694,50802
Aston Martin Cognizant Fan Token USD,AM-USD,2023-03-22,0.4036230146884918,0.4061689972877502,0.3908230066299438,0.4005039930343628,0.4005039930343628,55303
Aston Martin Cognizant Fan Token USD,AM-USD,2023-03-23,0.4003919959068298,0.4050680100917816,0.3845770061016083,0.3925899863243103,0.3925899863243103,50263
Aston Martin Cognizant Fan Token USD,AM-USD,2023-03-24,0.3926070034503937,0.3929870128631592,0.3687500059604645,0.3789600133895874,0.3789600133895874,55120
Aston Martin Cognizant Fan Token USD,AM-USD,2023-03-25,0.3785249888896942,0.3868499994277954,0.3746370077133178,0.3868339955806732,0.3868339955806732,55475
Aston Martin Cognizant Fan Token USD,AM-USD,2023-03-26,0.3868449926376343,0.3878470063209533,0.3702810108661651,0.374193012714386,0.374193012714386,54194
Aston Martin Cognizant Fan Token USD,AM-USD,2023-03-27,0.3741430044174194,0.3787969946861267,0.365105003118515,0.3732270002365112,0.3732270002365112,54172
Aston Martin Cognizant Fan Token USD,AM-USD,2023-03-28,0.373302012681961,0.3843829929828644,0.3668980002403259,0.3789420127868652,0.3789420127868652,54654
Aston Martin Cognizant Fan Token USD,AM-USD,2023-03-29,0.3789820075035095,0.403346985578537,0.3760519921779632,0.4014520049095154,0.4014520049095154,55740
Aston Martin Cognizant Fan Token USD,AM-USD,2023-03-30,0.4014979898929596,0.4054139852523803,0.3845340013504028,0.396028995513916,0.396028995513916,54550
Aston Martin Cognizant Fan Token USD,AM-USD,2023-03-31,0.395933985710144,0.4094089865684509,0.3907760083675384,0.4029630124568939,0.4029630124568939,55274
Aston Martin Cognizant Fan Token USD,AM-USD,2023-04-01,0.4029540121555328,0.4029540121555328,0.3887200057506561,0.3924539983272552,0.3924539983272552,53017
Aston Martin Cognizant Fan Token USD,AM-USD,2023-04-02,0.3958620131015777,0.3997249901294708,0.3790110051631927,0.3810279965400696,0.3810279965400696,56438
Aston Martin Cognizant Fan Token USD,AM-USD,2023-04-03,0.3808200061321258,0.3854379951953888,0.3706310093402862,0.3781880140304565,0.3781880140304565,54515
Aston Martin Cognizant Fan Token USD,AM-USD,2023-04-04,0.3780719935894012,0.3867140114307403,0.369049996137619,0.3730440139770508,0.3730440139770508,54157
Aston Martin Cognizant Fan Token USD,AM-USD,2023-04-05,0.3730410039424896,0.3830099999904632,0.3630670011043548,0.3741900026798248,0.3741900026798248,55334
Aston Martin Cognizant Fan Token USD,AM-USD,2023-04-06,0.3740079998970032,0.3758060038089752,0.3599889874458313,0.3623740077018738,0.3623740077018738,54165
Aston Martin Cognizant Fan Token USD,AM-USD,2023-04-07,0.3624379932880401,0.3663769960403442,0.354885995388031,0.365543007850647,0.365543007850647,52595
Aston Martin Cognizant Fan Token USD,AM-USD,2023-04-08,0.3654940128326416,0.4465999901294708,0.3604210019111633,0.4169270098209381,0.4169270098209381,66443
Aston Martin Cognizant Fan Token USD,AM-USD,2023-04-09,0.4169520139694214,0.4364379942417145,0.3886269927024841,0.3886269927024841,0.3886269927024841,62589
Aston Martin Cognizant Fan Token USD,AM-USD,2023-04-10,0.3893119990825653,0.3981330096721649,0.3710460066795349,0.3728309869766235,0.3728309869766235,62872
Aston Martin Cognizant Fan Token USD,AM-USD,2023-04-11,0.3728730082511902,0.381058007478714,0.3358609974384308,0.3565950095653534,0.3565950095653534,71362
Aston Martin Cognizant Fan Token USD,AM-USD,2023-04-12,0.3567120134830475,0.3663929998874664,0.3528870046138763,0.3553529977798462,0.3553529977798462,53190
Aston Martin Cognizant Fan Token USD,AM-USD,2023-04-13,0.3577690124511719,0.3800069987773895,0.3526070117950439,0.3789319992065429,0.3789319992065429,55368
Aston Martin Cognizant Fan Token USD,AM-USD,2023-04-14,0.3789489865303039,0.3790070116519928,0.3642649948596954,0.3694179952144623,0.3694179952144623,52497
Aston Martin Cognizant Fan Token USD,AM-USD,2023-04-15,0.3694210052490234,0.3831230103969574,0.367372989654541,0.3775860071182251,0.3775860071182251,53033
Aston Martin Cognizant Fan Token USD,AM-USD,2023-04-16,0.3778299987316131,0.3794920146465301,0.3645989894866943,0.3780870139598846,0.3780870139598846,55301
Aston Martin Cognizant Fan Token USD,AM-USD,2023-04-17,0.3781599998474121,0.3799479901790619,0.3615610003471374,0.3711690008640289,0.3711690008640289,57327
Aston Martin Cognizant Fan Token USD,AM-USD,2023-04-18,0.3707849979400635,0.3799960017204284,0.3575910031795501,0.3620649874210357,0.3620649874210357,52747
Aston Martin Cognizant Fan Token USD,AM-USD,2023-04-19,0.3620679974555969,0.3667120039463043,0.3474209904670715,0.3527620136737823,0.3527620136737823,53368
Aston Martin Cognizant Fan Token USD,AM-USD,2023-04-20,0.3527010083198547,0.3551410138607025,0.3191330134868622,0.3294309973716736,0.3294309973716736,55541
Aston Martin Cognizant Fan Token USD,AM-USD,2023-04-21,0.3300890028476715,0.3385370075702667,0.3209570050239563,0.3214010000228882,0.3214010000228882,54859
Aston Martin Cognizant Fan Token USD,AM-USD,2023-04-22,0.3216629922389984,0.3394820094108581,0.3214470148086548,0.334551990032196,0.334551990032196,53309
Aston Martin Cognizant Fan Token USD,AM-USD,2023-04-23,0.3346459865570068,0.3351680040359497,0.3240880072116852,0.3327989876270294,0.3327989876270294,46647
Aston Martin Cognizant Fan Token USD,AM-USD,2023-04-24,0.3328219950199127,0.3349530100822449,0.3246049880981445,0.3295330107212066,0.3295330107212066,42403
Aston Martin Cognizant Fan Token USD,AM-USD,2023-04-25,0.3295139968395233,0.3352499902248382,0.3132089972496032,0.3242380023002624,0.3242380023002624,48823
Aston Martin Cognizant Fan Token USD,AM-USD,2023-04-26,0.3245559930801391,0.3387700021266937,0.323756992816925,0.3305509984493255,0.3305509984493255,52916
Aston Martin Cognizant Fan Token USD,AM-USD,2023-04-27,0.3305410146713257,0.3380480110645294,0.3302609920501709,0.3349060118198395,0.3349060118198395,51277
Aston Martin Cognizant Fan Token USD,AM-USD,2023-04-28,0.3349049985408783,0.4358870089054107,0.3212909996509552,0.3289929926395416,0.3289929926395416,73654
Aston Martin Cognizant Fan Token USD,AM-USD,2023-04-29,0.3290059864521026,0.3932250142097473,0.3231970071792602,0.3804939985275268,0.3804939985275268,83088
Aston Martin Cognizant Fan Token USD,AM-USD,2023-04-30,0.3806529939174652,0.416386991739273,0.3754029870033264,0.3963220119476318,0.3963220119476318,78616
Aston Martin Cognizant Fan Token USD,AM-USD,2023-05-01,0.3962840139865875,0.4034259915351867,0.3810360133647918,0.3955389857292175,0.3955389857292175,77210
Aston Martin Cognizant Fan Token USD,AM-USD,2023-05-02,0.3955450057983398,0.3959529995918274,0.3685230016708374,0.3756769895553589,0.3756769895553589,83996
Aston Martin Cognizant Fan Token USD,AM-USD,2023-05-03,0.37568399310112,0.5954390168190002,0.3710559904575348,0.5875380039215088,0.5875380039215088,196734
Aston Martin Cognizant Fan Token USD,AM-USD,2023-05-04,0.5876700282096863,0.7208290100097656,0.5080389976501465,0.6415330171585083,0.6415330171585083,291373
Aston Martin Cognizant Fan Token USD,AM-USD,2023-05-05,0.64103102684021,0.6788449883460999,0.5104870200157166,0.5585569739341736,0.5585569739341736,178186
Aston Martin Cognizant Fan Token USD,AM-USD,2023-05-06,0.5585340261459351,0.6229699850082397,0.5260300040245056,0.6020230054855347,0.6020230054855347,148128
Aston Martin Cognizant Fan Token USD,AM-USD,2023-05-07,0.6020150184631348,0.6895999908447266,0.5893149971961975,0.6603119969367981,0.6603119969367981,163551
Aston Martin Cognizant Fan Token USD,AM-USD,2023-05-08,0.6601430177688599,0.667913019657135,0.6013569831848145,0.6065750122070312,0.6065750122070312,120546
Aston Martin Cognizant Fan Token USD,AM-USD,2023-05-09,0.6065580248832703,0.7114729881286621,0.5878530144691467,0.7018709778785706,0.7018709778785706,179589
Aston Martin Cognizant Fan Token USD,AM-USD,2023-05-10,0.7018849849700928,0.7977839708328247,0.6859400272369385,0.751600980758667,0.751600980758667,173415
Aston Martin Cognizant Fan Token USD,AM-USD,2023-05-11,0.7511579990386963,2.407457113265991,0.6385470032691956,1.233836054801941,1.233836054801941,7619447
Aston Martin Cognizant Fan Token USD,AM-USD,2023-05-12,1.1774100065231323,1.5821759700775146,0.9780009984970092,1.2679120302200315,1.2679120302200315,3934177
Aston Martin Cognizant Fan Token USD,AM-USD,2023-05-13,1.26623797416687,1.3201390504837036,1.1264950037002563,1.153475046157837,1.153475046157837,1065444
Aston Martin Cognizant Fan Token USD,AM-USD,2023-05-14,1.1534379720687866,1.2372150421142578,1.0907700061798096,1.137086033821106,1.137086033821106,640465
Aston Martin Cognizant Fan Token USD,AM-USD,2023-05-15,1.1331969499588013,1.4376440048217771,1.042462944984436,1.1614019870758057,1.1614019870758057,673912
Aston Martin Cognizant Fan Token USD,AM-USD,2023-05-16,1.1613579988479614,1.1700220108032229,1.0788249969482422,1.116718053817749,1.116718053817749,719693
Aston Martin Cognizant Fan Token USD,AM-USD,2023-05-17,1.113981008529663,1.1344729661941528,1.026828050613403,1.0790480375289917,1.0790480375289917,768705
Aston Martin Cognizant Fan Token USD,AM-USD,2023-05-18,1.0803279876708984,1.0875420570373535,0.992891013622284,0.9980220198631288,0.9980220198631288,449271
Aston Martin Cognizant Fan Token USD,AM-USD,2023-05-19,0.9980369806289672,1.131566047668457,0.9710299968719482,1.063905954360962,1.063905954360962,747587
Aston Martin Cognizant Fan Token USD,AM-USD,2023-05-20,1.0638339519500732,1.2289700508117676,0.9979389905929564,1.1302260160446167,1.1302260160446167,2242274
Aston Martin Cognizant Fan Token USD,AM-USD,2023-05-21,1.1295520067214966,1.1366740465164185,1.0661629438400269,1.0661629438400269,1.0661629438400269,871282
Aston Martin Cognizant Fan Token USD,AM-USD,2023-05-22,1.066143035888672,1.1075409650802612,1.024425983428955,1.036391019821167,1.036391019821167,389352
Aston Martin Cognizant Fan Token USD,AM-USD,2023-05-23,1.0364840030670166,1.050130009651184,0.9819660186767578,0.9881770014762878,0.9881770014762878,429100
Aston Martin Cognizant Fan Token USD,AM-USD,2023-05-24,0.9882019758224488,0.9988120198249816,0.9487370252609252,0.9849179983139038,0.9849179983139038,438759
Aston Martin Cognizant Fan Token USD,AM-USD,2023-05-25,0.984902024269104,1.0222270488739014,0.9529489874839784,0.98785400390625,0.98785400390625,390682
Aston Martin Cognizant Fan Token USD,AM-USD,2023-05-26,0.98785799741745,1.0279719829559326,0.9657660126686096,1.0044389963150024,1.0044389963150024,315307
Aston Martin Cognizant Fan Token USD,AM-USD,2023-05-27,1.0044410228729248,1.0082390308380127,0.9740570187568665,0.9948750138282776,0.9948750138282776,244387
Aston Martin Cognizant Fan Token USD,AM-USD,2023-05-28,0.9947999715805054,1.019994020462036,0.9529029726982116,0.9739689826965332,0.9739689826965332,347346
Aston Martin Cognizant Fan Token USD,AM-USD,2023-05-29,0.9738019704818726,0.986873984336853,0.9542340040206908,0.957388997077942,0.957388997077942,246976
Aston Martin Cognizant Fan Token USD,AM-USD,2023-05-30,0.9573910236358644,0.9722939729690552,0.8700079917907715,0.8828679919242859,0.8828679919242859,428165
Aston Martin Cognizant Fan Token USD,AM-USD,2023-05-31,0.8828750252723694,0.8830879926681519,0.8041149973869324,0.8225950002670288,0.8225950002670288,311507
Aston Martin Cognizant Fan Token USD,AM-USD,2023-06-01,0.8227289915084839,0.8579379916191101,0.8073890209197998,0.8294129967689514,0.8294129967689514,223755
Aston Martin Cognizant Fan Token USD,AM-USD,2023-06-02,0.8299720287322998,0.8673980236053467,0.8138960003852844,0.8340100049972534,0.8340100049972534,206178
Aston Martin Cognizant Fan Token USD,AM-USD,2023-06-03,0.8340160250663757,0.8508350253105164,0.8172900080680847,0.8289300203323364,0.8289300203323364,206394
Aston Martin Cognizant Fan Token USD,AM-USD,2023-06-04,0.8284639716148376,0.8370109796524048,0.7784289717674255,0.7861959934234619,0.7861959934234619,208351
Aston Martin Cognizant Fan Token USD,AM-USD,2023-06-05,0.7860530018806458,0.7860530018806458,0.6964809894561768,0.6980260014533997,0.6980260014533997,263614
Aston Martin Cognizant Fan Token USD,AM-USD,2023-06-06,0.6980159878730774,0.7416989803314209,0.6920589804649353,0.7359579801559448,0.7359579801559448,218171
Aston Martin Cognizant Fan Token USD,AM-USD,2023-06-07,0.7359489798545837,0.7422959804534912,0.6469470262527466,0.6525449752807617,0.6525449752807617,191655
Aston Martin Cognizant Fan Token USD,AM-USD,2023-06-08,0.6528880000114441,0.6904259920120239,0.6459190249443054,0.6816049814224243,0.6816049814224243,189335
Aston Martin Cognizant Fan Token USD,AM-USD,2023-06-09,0.6814730167388916,0.6870350241661072,0.6488959789276123,0.6513400077819824,0.6513400077819824,169509
Aston Martin Cognizant Fan Token USD,AM-USD,2023-06-10,0.6515560150146484,0.6524710059165955,0.459991991519928,0.5428910255432129,0.5428910255432129,205242
Aston Martin Cognizant Fan Token USD,AM-USD,2023-06-11,0.5427470207214355,0.5928080081939697,0.5326480269432068,0.5516089797019958,0.5516089797019958,159221
Aston Martin Cognizant Fan Token USD,AM-USD,2023-06-12,0.5516059994697571,0.5787919759750366,0.5483779907226562,0.5704079866409302,0.5704079866409302,180660
Aston Martin Cognizant Fan Token USD,AM-USD,2023-06-13,0.5705580115318298,0.5900859832763672,0.5679919719696045,0.5797600150108337,0.5797600150108337,132331
Aston Martin Cognizant Fan Token USD,AM-USD,2023-06-14,0.5797140002250671,0.5889670252799988,0.5623599886894226,0.5710189938545227,0.5710189938545227,130461
Aston Martin Cognizant Fan Token USD,AM-USD,2023-06-15,0.5710210204124451,0.5853350162506104,0.5627049803733826,0.5732359886169434,0.5732359886169434,158280
Aston Martin Cognizant Fan Token USD,AM-USD,2023-06-16,0.5731670260429382,0.5898020267486572,0.5595999956130981,0.5845810174942017,0.5845810174942017,156583
Aston Martin Cognizant Fan Token USD,AM-USD,2023-06-17,0.5847330093383789,0.5978389978408813,0.5765159726142883,0.5784329771995544,0.5784329771995544,117706
Aston Martin Cognizant Fan Token USD,AM-USD,2023-06-18,0.5787259936332703,0.5857579708099365,0.5637530088424683,0.5637530088424683,0.5637530088424683,144308
Aston Martin Cognizant Fan Token USD,AM-USD,2023-06-19,0.5637680292129517,0.5775669813156128,0.5578969717025757,0.5707089900970459,0.5707089900970459,129875
Aston Martin Cognizant Fan Token USD,AM-USD,2023-06-20,0.5707880258560181,0.5888770222663879,0.5675050020217896,0.5795109868049622,0.5795109868049622,118647
Aston Martin Cognizant Fan Token USD,AM-USD,2023-06-21,0.5793570280075073,0.5883989930152893,0.56980299949646,0.5757110118865967,0.5757110118865967,140269
Aston Martin Cognizant Fan Token USD,AM-USD,2023-06-22,0.5761460065841675,0.5987640023231506,0.5486000180244446,0.5581820011138916,0.5581820011138916,190117
Aston Martin Cognizant Fan Token USD,AM-USD,2023-06-23,0.5582450032234192,0.5786880254745483,0.5387880206108093,0.5673019886016846,0.5673019886016846,245714
Aston Martin Cognizant Fan Token USD,AM-USD,2023-06-24,0.5671690106391907,0.5795040130615234,0.5343469977378845,0.5462489724159241,0.5462489724159241,199029
Aston Martin Cognizant Fan Token USD,AM-USD,2023-06-25,0.5459359884262085,0.5536119937896729,0.5334960222244263,0.5457479953765869,0.5457479953765869,144223
Aston Martin Cognizant Fan Token USD,AM-USD,2023-06-26,0.5457299947738647,0.5574889779090881,0.5281530022621155,0.536063015460968,0.536063015460968,214693
Aston Martin Cognizant Fan Token USD,AM-USD,2023-06-27,0.534974992275238,0.5443509817123413,0.5326300263404846,0.5392600297927856,0.5392600297927856,165146
Aston Martin Cognizant Fan Token USD,AM-USD,2023-06-28,0.5393890142440796,0.5647619962692261,0.5206249952316284,0.5507559776306152,0.5507559776306152,348890
Aston Martin Cognizant Fan Token USD,AM-USD,2023-06-29,0.5507969856262207,0.5783389806747437,0.5414590239524841,0.5594170093536377,0.5594170093536377,209956
Aston Martin Cognizant Fan Token USD,AM-USD,2023-06-30,0.559457004070282,0.5727279782295227,0.5366190075874329,0.5553950071334839,0.5553950071334839,163164
Aston Martin Cognizant Fan Token USD,AM-USD,2023-07-01,0.555400013923645,0.5609970092773438,0.5448539853096008,0.5609970092773438,0.5609970092773438,148291
Aston Martin Cognizant Fan Token USD,AM-USD,2023-07-02,0.5608999729156494,0.5682079792022705,0.5471670031547546,0.555653989315033,0.555653989315033,173989
Aston Martin Cognizant Fan Token USD,AM-USD,2023-07-03,0.555683970451355,0.56877201795578,0.5330410003662109,0.5409290194511414,0.5409290194511414,117921
Aston Martin Cognizant Fan Token USD,AM-USD,2023-07-04,0.540166974067688,0.5631210207939148,0.5376139879226685,0.5587310194969177,0.5587310194969177,112349
Aston Martin Cognizant Fan Token USD,AM-USD,2023-07-05,0.5591170191764832,0.5632010102272034,0.5426790118217468,0.5444509983062744,0.5444509983062744,99474
Aston Martin Cognizant Fan Token USD,AM-USD,2023-07-06,0.5444520115852356,0.5793409943580627,0.5414369702339172,0.5434730052947998,0.5434730052947998,145316
Aston Martin Cognizant Fan Token USD,AM-USD,2023-07-07,0.5434049963951111,0.5600370168685913,0.5370619893074036,0.5482760071754456,0.5482760071754456,123081
Aston Martin Cognizant Fan Token USD,AM-USD,2023-07-08,0.5481160283088684,0.5755590200424194,0.5318740010261536,0.5660970211029053,0.5660970211029053,172585
Aston Martin Cognizant Fan Token USD,AM-USD,2023-07-09,0.5660030245780945,0.5708879828453064,0.5521770119667053,0.5544859766960144,0.5544859766960144,144469
Aston Martin Cognizant Fan Token USD,AM-USD,2023-07-10,0.5544440150260925,0.5620350241661072,0.5388820171356201,0.5430309772491455,0.5430309772491455,100859
Aston Martin Cognizant Fan Token USD,AM-USD,2023-07-11,0.5431870222091675,0.5491549968719482,0.5236510038375854,0.5405099987983704,0.5405099987983704,91388
Aston Martin Cognizant Fan Token USD,AM-USD,2023-07-12,0.5405139923095703,0.5467609763145447,0.5286340117454529,0.5377339720726013,0.5377339720726013,98553
Aston Martin Cognizant Fan Token USD,AM-USD,2023-07-13,0.5377349853515625,0.5595149993896484,0.5282430052757263,0.5577690005302429,0.5577690005302429,130973
Aston Martin Cognizant Fan Token USD,AM-USD,2023-07-14,0.5576350092887878,0.559328019618988,0.5326610207557678,0.5396530032157898,0.5396530032157898,124207
Aston Martin Cognizant Fan Token USD,AM-USD,2023-07-15,0.5395830273628235,0.5483199954032898,0.5352939963340759,0.5429139733314514,0.5429139733314514,106388
Aston Martin Cognizant Fan Token USD,AM-USD,2023-07-16,0.5429750084877014,0.5617420077323914,0.535643994808197,0.5396569967269897,0.5396569967269897,84820
Aston Martin Cognizant Fan Token USD,AM-USD,2023-07-17,0.5396350026130676,0.5571159720420837,0.5364289879798889,0.541998028755188,0.541998028755188,131031
Aston Martin Cognizant Fan Token USD,AM-USD,2023-07-18,0.5419790148735046,0.5443750023841858,0.5188350081443787,0.5303840041160583,0.5303840041160583,118856
Aston Martin Cognizant Fan Token USD,AM-USD,2023-07-19,0.5304999947547913,0.5429800152778625,0.5264829993247986,0.5350059866905212,0.5350059866905212,121546
Aston Martin Cognizant Fan Token USD,AM-USD,2023-07-20,0.5349180102348328,0.5425180196762085,0.5292140245437622,0.5392699837684631,0.5392699837684631,99885
Aston Martin Cognizant Fan Token USD,AM-USD,2023-07-21,0.5392820239067078,0.6117749810218811,0.533951997756958,0.5679479837417603,0.5679479837417603,1087049
Aston Martin Cognizant Fan Token USD,AM-USD,2023-07-22,0.5681390166282654,0.5820410251617432,0.5555469989776611,0.5584729909896851,0.5584729909896851,435203
Aston Martin Cognizant Fan Token USD,AM-USD,2023-07-23,0.5589029788970947,0.5995439887046814,0.5553140044212341,0.5673220157623291,0.5673220157623291,476676
Aston Martin Cognizant Fan Token USD,AM-USD,2023-07-24,0.5669119954109192,0.5717489719390869,0.5432320237159729,0.5649909973144531,0.5649909973144531,201883
Aston Martin Cognizant Fan Token USD,AM-USD,2023-07-25,0.5650960206985474,0.640703022480011,0.5520520210266113,0.5855000019073486,0.5855000019073486,758623
Aston Martin Cognizant Fan Token USD,AM-USD,2023-07-26,0.5857179760932922,0.6088500022888184,0.5720409750938416,0.5878009796142578,0.5878009796142578,227736
Aston Martin Cognizant Fan Token USD,AM-USD,2023-07-27,0.5905439853668213,0.6142290234565735,0.5866600275039673,0.6070960164070129,0.6070960164070129,274243
Aston Martin Cognizant Fan Token USD,AM-USD,2023-07-28,0.6066179871559143,0.6201549768447876,0.5859689712524414,0.6070029735565186,0.6070029735565186,328216
Aston Martin Cognizant Fan Token USD,AM-USD,2023-07-29,0.607047975063324,0.6218670010566711,0.6007300019264221,0.6170719861984253,0.6170719861984253,188477
Aston Martin Cognizant Fan Token USD,AM-USD,2023-07-30,0.6171849966049194,0.6507440209388733,0.6133350133895874,0.62705397605896,0.62705397605896,628384
Aston Martin Cognizant Fan Token USD,AM-USD,2023-07-31,0.6269959807395935,0.6290889978408813,0.6056730151176453,0.6077359914779663,0.6077359914779663,293910
Aston Martin Cognizant Fan Token USD,AM-USD,2023-08-01,0.6080880165100098,0.6379119753837585,0.5962499976158142,0.6189370155334473,0.6189370155334473,228676
Aston Martin Cognizant Fan Token USD,AM-USD,2023-08-02,0.6195979714393616,0.6209980249404907,0.595229983329773,0.5955849885940552,0.5955849885940552,150021
Aston Martin Cognizant Fan Token USD,AM-USD,2023-08-03,0.5961099863052368,0.6136350035667419,0.5825579762458801,0.6046249866485596,0.6046249866485596,197797
Aston Martin Cognizant Fan Token USD,AM-USD,2023-08-04,0.6046059727668762,0.6408630013465881,0.6015340089797974,0.6208440065383911,0.6208440065383911,330915
Aston Martin Cognizant Fan Token USD,AM-USD,2023-08-05,0.6208419799804688,0.6250600218772888,0.5981600284576416,0.602187991142273,0.602187991142273,174593
Aston Martin Cognizant Fan Token USD,AM-USD,2023-08-06,0.6021929979324341,0.6121280193328857,0.589909017086029,0.6050990223884583,0.6050990223884583,164959
Aston Martin Cognizant Fan Token USD,AM-USD,2023-08-07,0.6047989726066589,0.6112920045852661,0.5996320247650146,0.6021639704704285,0.6021639704704285,125576
Aston Martin Cognizant Fan Token USD,AM-USD,2023-08-08,0.6027969717979431,0.6069549918174744,0.5996379852294922,0.6030849814414978,0.6030849814414978,117896
Aston Martin Cognizant Fan Token USD,AM-USD,2023-08-09,0.6028749942779541,0.6034290194511414,0.5768960118293762,0.5875110030174255,0.5875110030174255,136987
Aston Martin Cognizant Fan Token USD,AM-USD,2023-08-10,0.5875769853591919,0.597009003162384,0.5829309821128845,0.5864089727401733,0.5864089727401733,115996
Aston Martin Cognizant Fan Token USD,AM-USD,2023-08-11,0.5864580273628235,0.5945500135421753,0.577908992767334,0.5856209993362427,0.5856209993362427,108760
Aston Martin Cognizant Fan Token USD,AM-USD,2023-08-12,0.5856239795684814,0.6057100296020508,0.5681869983673096,0.6036149859428406,0.6036149859428406,144713
Aston Martin Cognizant Fan Token USD,AM-USD,2023-08-13,0.6034719944000244,0.6079409718513489,0.5853769779205322,0.5926570296287537,0.5926570296287537,119463
Aston Martin Cognizant Fan Token USD,AM-USD,2023-08-14,0.5925499796867371,0.6129289865493774,0.5836340188980103,0.5966190099716187,0.5966190099716187,111162
Aston Martin Cognizant Fan Token USD,AM-USD,2023-08-15,0.5970289707183838,0.6062870025634766,0.5420889854431152,0.5720109939575195,0.5720109939575195,128934
Aston Martin Cognizant Fan Token USD,AM-USD,2023-08-16,0.5720099806785583,0.5833380222320557,0.5448939800262451,0.5512149930000305,0.5512149930000305,90371
Aston Martin Cognizant Fan Token USD,AM-USD,2023-08-17,0.5546309947967529,0.584659993648529,0.5314419865608215,0.5450869798660278,0.5450869798660278,153092
Aston Martin Cognizant Fan Token USD,AM-USD,2023-08-18,0.5452579855918884,0.5591199994087219,0.5386450290679932,0.5573840141296387,0.5573840141296387,103259
Aston Martin Cognizant Fan Token USD,AM-USD,2023-08-19,0.5573850274085999,0.651606023311615,0.5471400022506714,0.6156820058822632,0.6156820058822632,387273
Aston Martin Cognizant Fan Token USD,AM-USD,2023-08-20,0.6157379746437073,0.8630669713020325,0.5958920121192932,0.7457640171051025,0.7457640171051025,2293227
Aston Martin Cognizant Fan Token USD,AM-USD,2023-08-21,0.7458369731903076,0.7875639796257019,0.6933410167694092,0.6979680061340332,0.6979680061340332,996358
Aston Martin Cognizant Fan Token USD,AM-USD,2023-08-22,0.6979129910469055,0.7080469727516174,0.652131974697113,0.6608060002326965,0.6608060002326965,467812
Aston Martin Cognizant Fan Token USD,AM-USD,2023-08-23,0.6608650088310242,0.675154983997345,0.6353139877319336,0.641156017780304,0.641156017780304,336260
Aston Martin Cognizant Fan Token USD,AM-USD,2023-08-24,0.6405630111694336,0.8911569714546204,0.6405630111694336,0.8053330183029175,0.8053330183029175,3384680
Aston Martin Cognizant Fan Token USD,AM-USD,2023-08-25,0.805184006690979,0.8192350268363953,0.7094060182571411,0.7208679914474487,0.7208679914474487,1092961
Aston Martin Cognizant Fan Token USD,AM-USD,2023-08-26,0.7209830284118652,0.9626500010490416,0.711821973323822,0.8944439888000488,0.8944439888000488,3546126
Aston Martin Cognizant Fan Token USD,AM-USD,2023-08-27,0.8942570090293884,0.963815987110138,0.8431429862976074,0.8611159920692444,0.8611159920692444,2239342
Aston Martin Cognizant Fan Token USD,AM-USD,2023-08-28,0.8613070249557495,0.8940830230712891,0.798999011516571,0.8062480092048645,0.8062480092048645,904924
Aston Martin Cognizant Fan Token USD,AM-USD,2023-08-29,0.8062229752540588,0.8994550108909607,0.7970979809761047,0.8364570140838623,0.8364570140838623,1552855
Aston Martin Cognizant Fan Token USD,AM-USD,2023-08-30,0.8319439888000488,0.8625580072402954,0.8217960000038147,0.8491399884223938,0.8491399884223938,987964
Aston Martin Cognizant Fan Token USD,AM-USD,2023-08-31,0.849249005317688,0.8657580018043518,0.8233389854431152,0.8459399938583374,0.8459399938583374,1420056
Aston Martin Cognizant Fan Token USD,AM-USD,2023-09-01,0.8463659882545471,0.870934009552002,0.8298879861831665,0.8386269807815552,0.8386269807815552,752177
Aston Martin Cognizant Fan Token USD,AM-USD,2023-09-02,0.8380290269851685,0.8429520130157471,0.7879819869995117,0.8092219829559326,0.8092219829559326,349200
Aston Martin Cognizant Fan Token USD,AM-USD,2023-09-03,0.8090749979019165,0.8216969966888428,0.7423880100250244,0.7485569715499878,0.7485569715499878,421766
Aston Martin Cognizant Fan Token USD,AM-USD,2023-09-04,0.7485479712486267,0.815854012966156,0.7422919869422913,0.7865260243415833,0.7865260243415833,782449
Aston Martin Cognizant Fan Token USD,AM-USD,2023-09-05,0.7863320112228394,0.7905799746513367,0.7575299739837646,0.7612879872322083,0.7612879872322083,265914
Aston Martin Cognizant Fan Token USD,AM-USD,2023-09-06,0.7611879706382751,0.7710559964179993,0.7322440147399902,0.7412170171737671,0.7412170171737671,254714
Aston Martin Cognizant Fan Token USD,AM-USD,2023-09-07,0.7412109971046448,0.7467430233955383,0.7159140110015869,0.7289149761199951,0.7289149761199951,258179
Aston Martin Cognizant Fan Token USD,AM-USD,2023-09-08,0.7289199829101562,0.7305570244789124,0.6837999820709229,0.7121989727020264,0.7121989727020264,399232
Aston Martin Cognizant Fan Token USD,AM-USD,2023-09-09,0.7147780060768127,0.7187970280647278,0.6991609930992126,0.7145540118217468,0.7145540118217468,210936
Aston Martin Cognizant Fan Token USD,AM-USD,2023-09-10,0.714555025100708,0.7152429819107056,0.6724569797515869,0.6765000224113464,0.6765000224113464,189242
Aston Martin Cognizant Fan Token USD,AM-USD,2023-09-11,0.6741750240325928,0.6978690028190613,0.6407430171966553,0.6509580016136169,0.6509580016136169,247888
Aston Martin Cognizant Fan Token USD,AM-USD,2023-09-12,0.6510339975357056,0.6698340177536011,0.6381490230560303,0.6453030109405518,0.6453030109405518,211956
Aston Martin Cognizant Fan Token USD,AM-USD,2023-09-13,0.6453210115432739,0.7402889728546143,0.6369439959526062,0.6982679963111877,0.6982679963111877,735206
Aston Martin Cognizant Fan Token USD,AM-USD,2023-09-14,0.6997311115264893,0.7106590270996094,0.6701086163520813,0.6877465844154358,0.6877465844154358,1158010
Aston Martin Cognizant Fan Token USD,AM-USD,2023-09-15,0.6797968745231628,0.6854620575904846,0.6765725612640381,0.6786826848983765,0.6786826848983765,598688
Aston Martin Cognizant Fan Token USD,AM-USD,2023-09-16,0.6882696747779846,0.7178304195404053,0.6666078567504883,0.7064113020896912,0.7064113020896912,638965
Aston Martin Cognizant Fan Token USD,AM-USD,2023-09-17,0.7076287269592285,0.7137056589126587,0.6635193824768066,0.6734979152679443,0.6734979152679443,316924
Aston Martin Cognizant Fan Token USD,AM-USD,2023-09-18,0.6767104268074036,0.6870060563087463,0.662280797958374,0.6669669151306152,0.6669669151306152,172484
Aston Martin Cognizant Fan Token USD,AM-USD,2023-09-19,0.6683378219604492,0.6771361827850342,0.6624125242233276,0.6656272411346436,0.6656272411346436,202583
Aston Martin Cognizant Fan Token USD,AM-USD,2023-09-20,0.6651636362075806,0.6775044798851013,0.6582183241844177,0.6713037490844727,0.6713037490844727,208468
Aston Martin Cognizant Fan Token USD,AM-USD,2023-09-21,0.6695267558097839,0.6769328117370605,0.6564961075782776,0.6653549671173096,0.6653549671173096,153997
Aston Martin Cognizant Fan Token USD,AM-USD,2023-09-24,0.6578629612922668,0.6602659821510315,0.6538046598434448,0.6567071676254272,0.6567071676254272,127771
Aston Martin Cognizant Fan Token USD,AM-USD,2023-09-22,0.665848970413208,0.6695730090141296,0.6567450165748596,0.6600210070610046,0.6600210070610046,138123
Aston Martin Cognizant Fan Token USD,AM-USD,2023-09-23,0.6607509851455688,0.6676899790763855,0.6553300023078918,0.6590409874916077,0.6590409874916077,127798
Aston Martin Cognizant Fan Token USD,AM-USD,2023-09-25,0.6463073492050171,0.6593123078346252,0.6426128149032593,0.6549537777900696,0.6549537777900696,358461
Aston Martin Cognizant Fan Token USD,AM-USD,2023-09-26,0.6536426544189453,0.7050230503082275,0.6413413286209106,0.6881165504455566,0.6881165504455566,919184
Aston Martin Cognizant Fan Token USD,AM-USD,2023-09-27,0.6818901300430298,0.7130085825920105,0.6637539267539978,0.6714897155761719,0.6714897155761719,468817
Aston Martin Cognizant Fan Token USD,AM-USD,2023-09-28,0.6724607348442078,0.6741781830787659,0.6489113569259644,0.6592732071876526,0.6592732071876526,229936
Aston Martin Cognizant Fan Token USD,AM-USD,2023-09-29,0.6607856750488281,0.6667739748954773,0.6445501446723938,0.6608768105506897,0.6608768105506897,223399
Aston Martin Cognizant Fan Token USD,AM-USD,2023-09-30,0.6612482070922852,0.66708904504776,0.6475587487220764,0.6516548991203308,0.6516548991203308,220008
Aston Martin Cognizant Fan Token USD,AM-USD,2023-10-01,0.6524153351783752,0.6669946312904358,0.6458121538162231,0.6580170392990112,0.6580170392990112,204973
Aston Martin Cognizant Fan Token USD,AM-USD,2023-10-02,0.6596496105194092,0.6612960696220398,0.6352535486221313,0.6382299065589905,0.6382299065589905,186413
Aston Martin Cognizant Fan Token USD,AM-USD,2023-10-03,0.6425141096115112,0.6502575278282166,0.6220024824142456,0.6432421207427979,0.6432421207427979,262240
