Name,Symbol,Date,Open,High,Low,Close,Adj Close,Volume
EDRCoin USD,EDRC-USD,2017-11-09,0.0372029989957809,0.0415909998118877,0.0352640002965927,0.0381439998745918,0.0381439998745918,11
EDRCoin USD,EDRC-USD,2017-11-10,0.038256999105215,0.0446799993515014,0.0340070016682148,0.0401099994778633,0.0401099994778633,41
EDRCoin USD,EDRC-USD,2017-11-11,0.0399650000035762,0.0408269986510276,0.0320830009877681,0.0356229990720748,0.0356229990720748,62
EDRCoin USD,EDRC-USD,2017-11-12,0.0355979986488819,0.0357780009508132,0.0264190007001161,0.0304129999130964,0.0304129999130964,59
EDRCoin USD,EDRC-USD,2017-11-13,0.0304760001599788,0.0335660018026828,0.0290639996528625,0.031429000198841,0.031429000198841,56
EDRCoin USD,EDRC-USD,2017-11-14,0.0314959995448589,0.0332049988210201,0.0306620001792907,0.0330779999494552,0.0330779999494552,16
EDRCoin USD,EDRC-USD,2017-11-15,0.0331009998917579,0.0396680012345314,0.0331009998917579,0.0350739993155002,0.0350739993155002,36
EDRCoin USD,EDRC-USD,2017-11-16,0.0352570004761219,0.0449270009994506,0.0344679988920688,0.0441769994795322,0.0441769994795322,44
EDRCoin USD,EDRC-USD,2017-11-17,0.0440559983253479,0.0543139986693859,0.0391880013048648,0.04008200019598,0.04008200019598,20
EDRCoin USD,EDRC-USD,2017-11-18,0.0399300009012222,0.0415019989013671,0.0387110002338886,0.0400040000677108,0.0400040000677108,20
EDRCoin USD,EDRC-USD,2017-11-19,0.0399959981441497,0.0400549992918968,0.0352629981935024,0.0376310013234615,0.0376310013234615,45
EDRCoin USD,EDRC-USD,2017-11-20,0.0375589989125728,0.0531730018556118,0.036880999803543,0.0528849996626377,0.0528849996626377,124
EDRCoin USD,EDRC-USD,2017-11-21,0.0528949983417987,0.0530159994959831,0.0362679995596408,0.0399990007281303,0.0399990007281303,166
EDRCoin USD,EDRC-USD,2017-11-22,0.0400959998369216,0.051656998693943,0.0374340005218982,0.04025200009346,0.04025200009346,402
EDRCoin USD,EDRC-USD,2017-11-23,0.0401900000870227,0.0438099987804889,0.0318650007247924,0.0363980010151863,0.0363980010151863,1509
EDRCoin USD,EDRC-USD,2017-11-24,0.0359859988093376,0.1596409976482391,0.0355280004441738,0.0448950007557868,0.0448950007557868,5324
EDRCoin USD,EDRC-USD,2017-11-25,0.044803999364376,0.0448770001530647,0.0373190008103847,0.0412469990551471,0.0412469990551471,81
EDRCoin USD,EDRC-USD,2017-11-26,0.0412329994142055,0.0534019991755485,0.0412300005555152,0.0468520000576972,0.0468520000576972,143
EDRCoin USD,EDRC-USD,2017-11-27,0.0479179993271827,0.0489239990711212,0.0322079993784427,0.0340560004115104,0.0340560004115104,281
EDRCoin USD,EDRC-USD,2017-11-28,0.0341439992189407,0.0463589988648891,0.0340409986674785,0.0463469997048378,0.0463469997048378,240
EDRCoin USD,EDRC-USD,2017-11-29,0.0463399998843669,0.055511999875307,0.0404140017926692,0.0443109981715679,0.0443109981715679,263
EDRCoin USD,EDRC-USD,2017-11-30,0.0449750013649463,0.0614870004355907,0.042433001101017,0.0600249990820884,0.0600249990820884,82
EDRCoin USD,EDRC-USD,2017-12-01,0.0597280003130435,0.0629379972815513,0.0453759990632534,0.053371999412775,0.053371999412775,105
EDRCoin USD,EDRC-USD,2017-12-02,0.0529970005154609,0.0624359995126724,0.0529970005154609,0.0617280006408691,0.0617280006408691,239
EDRCoin USD,EDRC-USD,2017-12-03,0.0621230006217956,0.0761139988899231,0.0520909987390041,0.0580560006201267,0.0580560006201267,123
EDRCoin USD,EDRC-USD,2017-12-04,0.0582560002803802,0.0601399987936019,0.0488969981670379,0.049610998481512,0.049610998481512,178
EDRCoin USD,EDRC-USD,2017-12-05,0.0497130006551742,0.0503109991550445,0.046544998884201,0.0466080009937286,0.0466080009937286,347
EDRCoin USD,EDRC-USD,2017-12-06,0.0465050004422664,0.0563389994204044,0.0465050004422664,0.0547300018370151,0.0547300018370151,833
EDRCoin USD,EDRC-USD,2017-12-07,0.054636001586914,0.5093169808387756,0.0542239993810653,0.0659620016813278,0.0659620016813278,16648
EDRCoin USD,EDRC-USD,2017-12-08,0.0660969987511634,0.0714339986443519,0.0520550012588501,0.0607450008392334,0.0607450008392334,171
EDRCoin USD,EDRC-USD,2017-12-09,0.0606870017945766,0.10640200227499,0.0505530014634132,0.0700739994645118,0.0700739994645118,5887
EDRCoin USD,EDRC-USD,2017-12-10,0.0703580006957054,0.0703580006957054,0.0481600016355514,0.0576799996197223,0.0576799996197223,355
EDRCoin USD,EDRC-USD,2017-12-11,0.0572610013186931,0.0758169963955879,0.0570119991898536,0.0732550024986267,0.0732550024986267,155
EDRCoin USD,EDRC-USD,2017-12-12,0.073463998734951,0.0826509967446327,0.0657289996743202,0.0746079981327056,0.0746079981327056,144
EDRCoin USD,EDRC-USD,2017-12-13,0.074754998087883,0.0772430002689361,0.061574999243021,0.0670560002326965,0.0670560002326965,84
EDRCoin USD,EDRC-USD,2017-12-14,0.1132009997963905,0.1152520030736923,0.0642710030078888,0.064409002661705,0.064409002661705,5817
EDRCoin USD,EDRC-USD,2017-12-15,0.0645060017704963,0.0674199983477592,0.0566119998693466,0.0670880004763603,0.0670880004763603,299
EDRCoin USD,EDRC-USD,2017-12-16,0.0671619996428489,0.0855019986629486,0.0600459985435009,0.0816410034894943,0.0816410034894943,347
EDRCoin USD,EDRC-USD,2017-12-17,0.0827850028872489,0.1015430018305778,0.0701960027217865,0.0790700018405914,0.0790700018405914,167
EDRCoin USD,EDRC-USD,2017-12-18,0.0792889967560768,0.0797529965639114,0.0662629976868629,0.067621998488903,0.067621998488903,66
EDRCoin USD,EDRC-USD,2017-12-19,0.0676060020923614,0.1028650030493736,0.0506750009953975,0.0645930022001266,0.0645930022001266,1777
EDRCoin USD,EDRC-USD,2017-12-20,0.064529001712799,0.099711999297142,0.0601640008389949,0.0948970019817352,0.0948970019817352,1713
EDRCoin USD,EDRC-USD,2017-12-21,0.0951460003852844,0.099601000547409,0.0734490007162094,0.0788739994168281,0.0788739994168281,399
EDRCoin USD,EDRC-USD,2017-12-22,0.0790639966726303,0.1280740052461624,0.0568969994783401,0.1012109965085983,0.1012109965085983,1185
EDRCoin USD,EDRC-USD,2017-12-23,0.1013759970664978,0.1337819993495941,0.079364001750946,0.0967850014567375,0.0967850014567375,474
EDRCoin USD,EDRC-USD,2017-12-24,0.0964400023221969,0.0964400023221969,0.0631849989295005,0.0691059976816177,0.0691059976816177,1938
EDRCoin USD,EDRC-USD,2017-12-25,0.0696239992976188,0.0892739966511726,0.0631949976086616,0.0739959999918937,0.0739959999918937,590
EDRCoin USD,EDRC-USD,2017-12-26,0.0739210024476051,0.1322890073060989,0.0517180003225803,0.0621070004999637,0.0621070004999637,1466
EDRCoin USD,EDRC-USD,2017-12-27,0.0621509999036788,0.0786859989166259,0.0570789985358715,0.0785939991474151,0.0785939991474151,1419
EDRCoin USD,EDRC-USD,2017-12-28,0.0784299969673156,0.0786890015006065,0.0568739995360374,0.0752530023455619,0.0752530023455619,551
EDRCoin USD,EDRC-USD,2017-12-29,0.0760179981589317,0.0786280035972595,0.059298001229763,0.0752599984407424,0.0752599984407424,644
EDRCoin USD,EDRC-USD,2017-12-30,0.074533000588417,0.0844129994511604,0.0634910017251968,0.0818720012903213,0.0818720012903213,1055
EDRCoin USD,EDRC-USD,2017-12-31,0.0810239985585212,0.0854659974575042,0.0659779980778694,0.0687600001692771,0.0687600001692771,784
EDRCoin USD,EDRC-USD,2018-01-01,0.0690250024199485,0.0880199968814849,0.0645579993724823,0.0716800019145011,0.0716800019145011,4139
EDRCoin USD,EDRC-USD,2018-01-02,0.0716769993305206,0.0940070003271102,0.0716769993305206,0.0900359973311424,0.0900359973311424,2991
EDRCoin USD,EDRC-USD,2018-01-03,0.0898519977927208,0.1035019978880882,0.0896269977092742,0.0967219993472099,0.0967219993472099,2963
EDRCoin USD,EDRC-USD,2018-01-04,0.0972369983792305,0.1192200034856796,0.095499001443386,0.1083090007305145,0.1083090007305145,3456
EDRCoin USD,EDRC-USD,2018-01-05,0.1083479970693588,0.1206320002675056,0.1006629988551139,0.1193670034408569,0.1193670034408569,5219
EDRCoin USD,EDRC-USD,2018-01-06,0.1199799999594688,0.1372780054807663,0.1099010035395622,0.1322900056838989,0.1322900056838989,10701
EDRCoin USD,EDRC-USD,2018-01-07,0.1325169950723648,0.14198799431324,0.1274549961090088,0.1360609978437423,0.1360609978437423,4938
EDRCoin USD,EDRC-USD,2018-01-08,0.1358709931373596,0.2299969941377639,0.1334729939699173,0.1474660038948059,0.1474660038948059,9390
EDRCoin USD,EDRC-USD,2018-01-09,0.1470640003681183,0.2128909975290298,0.1375290006399154,0.2079000025987625,0.2079000025987625,11127
EDRCoin USD,EDRC-USD,2018-01-10,0.2085690051317215,0.20864999294281,0.1715960055589676,0.1934340000152588,0.1934340000152588,15464
EDRCoin USD,EDRC-USD,2018-01-11,0.1932370066642761,0.2300799936056137,0.169514998793602,0.2065629959106445,0.2065629959106445,11959
EDRCoin USD,EDRC-USD,2018-01-12,0.2079270035028457,0.228752002120018,0.1867309957742691,0.1892939954996109,0.1892939954996109,12863
EDRCoin USD,EDRC-USD,2018-01-13,0.189078003168106,0.2091480046510696,0.1730969995260238,0.2039220035076141,0.2039220035076141,12311
EDRCoin USD,EDRC-USD,2018-01-14,0.2040549963712692,0.2136269956827163,0.1556220054626464,0.1660210043191909,0.1660210043191909,19640
EDRCoin USD,EDRC-USD,2018-01-15,0.1648170053958892,0.220537006855011,0.1629119962453842,0.2061930000782013,0.2061930000782013,22923
EDRCoin USD,EDRC-USD,2018-01-16,0.2064490020275116,0.2280319929122924,0.1521479934453964,0.2126020044088363,0.2126020044088363,16824
EDRCoin USD,EDRC-USD,2018-01-17,0.2115229964256286,0.2169249951839447,0.1220019981265068,0.1629739999771118,0.1629739999771118,3859
EDRCoin USD,EDRC-USD,2018-01-18,0.1636029928922653,0.686564028263092,0.1534419953823089,0.1676730066537857,0.1676730066537857,60127
EDRCoin USD,EDRC-USD,2018-01-19,0.1949360072612762,0.2756550014019012,0.1608009934425354,0.2085669934749603,0.2085669934749603,17293
EDRCoin USD,EDRC-USD,2018-01-20,0.1827459931373596,0.4501720070838928,0.1585309952497482,0.2276110053062439,0.2276110053062439,81295
EDRCoin USD,EDRC-USD,2018-01-21,0.2281379997730255,0.2291920036077499,0.164693996310234,0.1751170009374618,0.1751170009374618,17704
EDRCoin USD,EDRC-USD,2018-01-22,0.1775110065937042,0.185926005244255,0.1562889963388443,0.169306993484497,0.169306993484497,3635
EDRCoin USD,EDRC-USD,2018-01-23,0.1688590049743652,0.2374259978532791,0.1529449969530105,0.2303729951381683,0.2303729951381683,10985
EDRCoin USD,EDRC-USD,2018-01-24,0.2302419990301132,0.2439000010490417,0.1652660071849823,0.1980250030755996,0.1980250030755996,4953
EDRCoin USD,EDRC-USD,2018-01-25,0.2012829929590225,0.2024170011281967,0.1697520017623901,0.1905640065670013,0.1905640065670013,3257
EDRCoin USD,EDRC-USD,2018-01-26,0.1900579929351806,0.1975920051336288,0.1658259928226471,0.1784960031509399,0.1784960031509399,7852
EDRCoin USD,EDRC-USD,2018-01-27,0.1783770024776458,0.1885679960250854,0.1648200005292892,0.1795019954442978,0.1795019954442978,4072
EDRCoin USD,EDRC-USD,2018-01-28,0.1804209947586059,0.1885620057582855,0.1677809953689575,0.175367996096611,0.175367996096611,3885
EDRCoin USD,EDRC-USD,2018-01-29,0.1752000004053115,0.1889829933643341,0.1566050052642822,0.1577959954738617,0.1577959954738617,4525
EDRCoin USD,EDRC-USD,2018-01-30,0.1578480005264282,0.1741860061883926,0.1446139961481094,0.1450269967317581,0.1450269967317581,1569
EDRCoin USD,EDRC-USD,2018-01-31,0.1452540010213852,0.1579820066690445,0.1367300003767013,0.1513019949197769,0.1513019949197769,5625
EDRCoin USD,EDRC-USD,2018-02-01,0.1516540050506591,0.1548900008201599,0.1204380020499229,0.1391180008649826,0.1391180008649826,6015
EDRCoin USD,EDRC-USD,2018-02-02,0.1388310045003891,0.1670829951763153,0.1090020015835762,0.1617240011692047,0.1617240011692047,13089
EDRCoin USD,EDRC-USD,2018-02-03,0.1622759997844696,0.1702850013971328,0.1077300012111663,0.1203270033001899,0.1203270033001899,7925
EDRCoin USD,EDRC-USD,2018-02-04,0.1203889995813369,0.1271699965000152,0.0934500023722648,0.0981229990720748,0.0981229990720748,1180
EDRCoin USD,EDRC-USD,2018-02-05,0.0971710011363029,0.0989559963345527,0.0742760002613067,0.0762469992041587,0.0762469992041587,609
EDRCoin USD,EDRC-USD,2018-02-06,0.0763439983129501,0.0956560000777244,0.0653629973530769,0.0941609963774681,0.0941609963774681,1698
EDRCoin USD,EDRC-USD,2018-02-07,0.0932189971208572,0.1049280017614364,0.0874169990420341,0.0972689986228942,0.0972689986228942,540
EDRCoin USD,EDRC-USD,2018-02-08,0.0968799963593483,0.1104480028152465,0.0893329977989196,0.0984610021114349,0.0984610021114349,434
EDRCoin USD,EDRC-USD,2018-02-09,0.0987640023231506,0.1214969977736473,0.0922259986400604,0.1211220026016235,0.1211220026016235,458
EDRCoin USD,EDRC-USD,2018-02-10,0.1212109997868537,0.1248229965567588,0.1002340018749237,0.1049650013446807,0.1049650013446807,263
EDRCoin USD,EDRC-USD,2018-02-11,0.1048759967088699,0.1928489953279495,0.0967779979109764,0.1280599981546402,0.1280599981546402,4658
EDRCoin USD,EDRC-USD,2018-02-12,0.1288760006427765,0.1434729993343353,0.115727998316288,0.1342599987983703,0.1342599987983703,266
EDRCoin USD,EDRC-USD,2018-02-13,0.1345040053129196,0.1351159960031509,0.1020160019397735,0.1288599967956543,0.1288599967956543,187
EDRCoin USD,EDRC-USD,2018-02-14,0.1284759938716888,0.1617919951677322,0.1203600019216537,0.1613859981298446,0.1613859981298446,578
EDRCoin USD,EDRC-USD,2018-02-15,0.1614730060100555,0.1653999984264373,0.1407790035009384,0.14444600045681,0.14444600045681,459
EDRCoin USD,EDRC-USD,2018-02-16,0.1438290029764175,0.1549540013074875,0.1292050033807754,0.1529040038585662,0.1529040038585662,196
EDRCoin USD,EDRC-USD,2018-02-17,0.1528690010309219,0.1766829937696457,0.1484230011701584,0.1756439954042434,0.1756439954042434,1816
EDRCoin USD,EDRC-USD,2018-02-18,0.1761830002069473,0.1801930069923401,0.1452980041503906,0.1510570049285888,0.1510570049285888,513
EDRCoin USD,EDRC-USD,2018-02-19,0.1503629982471466,0.2182739973068237,0.142534002661705,0.1441729962825775,0.1441729962825775,14930
EDRCoin USD,EDRC-USD,2018-02-20,0.1443040072917938,0.1535030007362365,0.1368519961833953,0.1399119943380355,0.1399119943380355,1142
EDRCoin USD,EDRC-USD,2018-02-21,0.139737993478775,0.1431919932365417,0.125118002295494,0.13264200091362,0.13264200091362,2499
EDRCoin USD,EDRC-USD,2018-02-22,0.1325079947710037,0.1443250030279159,0.1110590025782585,0.1114109978079795,0.1114109978079795,1112
EDRCoin USD,EDRC-USD,2018-02-23,0.1113070026040077,0.1180669963359832,0.1113070026040077,0.1176460012793541,0.1176460012793541,80
EDRCoin USD,EDRC-USD,2018-02-24,0.1174980029463768,0.1718579977750778,0.0907820016145706,0.1481859982013702,0.1481859982013702,1365
EDRCoin USD,EDRC-USD,2018-02-25,0.1479620039463043,0.15413199365139,0.1326200067996978,0.1511500030755996,0.1511500030755996,700
EDRCoin USD,EDRC-USD,2018-02-26,0.1513440012931823,0.1551969945430755,0.1297930032014846,0.1521120071411132,0.1521120071411132,445
EDRCoin USD,EDRC-USD,2018-02-27,0.152551993727684,0.1550389975309372,0.1335030049085617,0.1515309959650039,0.1515309959650039,927
EDRCoin USD,EDRC-USD,2018-02-28,0.1513520032167434,0.1990769952535629,0.1264780014753341,0.1368349939584732,0.1368349939584732,12299
EDRCoin USD,EDRC-USD,2018-03-01,0.137036994099617,0.1417170017957687,0.1205170005559921,0.1226710006594657,0.1226710006594657,3708
EDRCoin USD,EDRC-USD,2018-03-02,0.1223559975624084,0.13612000644207,0.1223559975624084,0.1263830065727234,0.1263830065727234,2525
EDRCoin USD,EDRC-USD,2018-03-03,0.1262280046939849,0.2112530022859573,0.1175369992852211,0.1609950065612793,0.1609950065612793,33683
EDRCoin USD,EDRC-USD,2018-03-04,0.1607169955968856,0.1642830073833465,0.1253769993782043,0.1332249939441681,0.1332249939441681,3796
EDRCoin USD,EDRC-USD,2018-03-05,0.1331280022859573,0.1361649930477142,0.1195230036973953,0.1195679977536201,0.1195679977536201,555
EDRCoin USD,EDRC-USD,2018-03-06,0.1192739978432655,0.1528200060129165,0.1175459995865821,0.1433950066566467,0.1433950066566467,4419
EDRCoin USD,EDRC-USD,2018-03-07,0.143227994441986,0.1462839990854263,0.0923070013523101,0.108312003314495,0.108312003314495,459
EDRCoin USD,EDRC-USD,2018-03-08,0.1081589981913566,0.1136630028486251,0.1014200001955032,0.1045370027422905,0.1045370027422905,259
EDRCoin USD,EDRC-USD,2018-03-09,0.103874996304512,0.1091110035777092,0.0913079977035522,0.0982820019125938,0.0982820019125938,296
EDRCoin USD,EDRC-USD,2018-03-10,0.0983240008354187,0.1138890013098716,0.0972680002450943,0.105443999171257,0.105443999171257,788
EDRCoin USD,EDRC-USD,2018-03-11,0.1050809994339943,0.1136749982833862,0.0969239994883537,0.0975940003991127,0.0975940003991127,67
EDRCoin USD,EDRC-USD,2018-03-12,0.0972860008478164,0.1135519966483116,0.0935999974608421,0.0999640002846717,0.0999640002846717,729
EDRCoin USD,EDRC-USD,2018-03-13,0.0993900001049041,0.1050179973244667,0.0950099974870681,0.0974029973149299,0.0974029973149299,380
EDRCoin USD,EDRC-USD,2018-03-14,0.0974169969558715,0.1009420007467269,0.090558998286724,0.0929939970374107,0.0929939970374107,253
EDRCoin USD,EDRC-USD,2018-03-15,0.0929519981145858,0.094150997698307,0.0820130035281181,0.0875829979777336,0.0875829979777336,285
EDRCoin USD,EDRC-USD,2018-03-16,0.0875329971313476,0.0971179977059364,0.0828339979052543,0.0828339979052543,0.0828339979052543,368
EDRCoin USD,EDRC-USD,2018-03-17,0.0829709991812706,0.0985699966549873,0.0822679996490478,0.0894090011715889,0.0894090011715889,514
EDRCoin USD,EDRC-USD,2018-03-18,0.0891909971833229,0.0994980037212371,0.0831929966807365,0.0984769985079765,0.0984769985079765,171
EDRCoin USD,EDRC-USD,2018-03-19,0.0980620011687278,0.1070780009031295,0.0899019986391067,0.1068779975175857,0.1068779975175857,1022
EDRCoin USD,EDRC-USD,2018-03-20,0.1080700010061264,0.1141100004315376,0.1038670018315315,0.1040790006518364,0.1040790006518364,241
EDRCoin USD,EDRC-USD,2018-03-21,0.1042679995298385,0.1233839988708496,0.1039400026202201,0.118937000632286,0.118937000632286,461
EDRCoin USD,EDRC-USD,2018-03-22,0.1187210008502006,0.1212069988250732,0.1030130013823509,0.1189799979329109,0.1189799979329109,223
EDRCoin USD,EDRC-USD,2018-03-23,0.1189770027995109,0.1210459992289543,0.1077399998903274,0.1142880022525787,0.1142880022525787,1206
EDRCoin USD,EDRC-USD,2018-03-24,0.115898996591568,0.1186550036072731,0.1077859997749328,0.1114479973912239,0.1114479973912239,162
EDRCoin USD,EDRC-USD,2018-03-25,0.1099139973521232,0.1345230042934417,0.0924749970436096,0.0943360030651092,0.0943360030651092,9435
EDRCoin USD,EDRC-USD,2018-03-26,0.0942640006542205,0.0954260006546974,0.0863759964704513,0.0901160016655922,0.0901160016655922,255
EDRCoin USD,EDRC-USD,2018-03-27,0.0899790003895759,0.0902519971132278,0.0802910029888153,0.0856589972972869,0.0856589972972869,1192
EDRCoin USD,EDRC-USD,2018-03-28,0.0856389999389648,0.1963510066270828,0.0851629972457885,0.1138859987258911,0.1138859987258911,2088
EDRCoin USD,EDRC-USD,2018-03-29,0.1140189990401268,0.1144590005278587,0.0832569971680641,0.0852919965982437,0.0852919965982437,4904
EDRCoin USD,EDRC-USD,2018-03-30,0.0850799977779388,0.0863400027155876,0.0744550004601478,0.0779109969735145,0.0779109969735145,243
EDRCoin USD,EDRC-USD,2018-03-31,0.0779229998588562,0.091898001730442,0.0675040036439895,0.0820439979434013,0.0820439979434013,757
EDRCoin USD,EDRC-USD,2018-04-01,0.0820420011878013,0.0883020013570785,0.0717270001769065,0.0857639983296394,0.0857639983296394,693
EDRCoin USD,EDRC-USD,2018-04-02,0.0861859992146492,0.0890619978308677,0.0810820013284683,0.0813689976930618,0.0813689976930618,123
EDRCoin USD,EDRC-USD,2018-04-03,0.0814270004630088,0.094539001584053,0.0788469985127449,0.0891650021076202,0.0891650021076202,142
EDRCoin USD,EDRC-USD,2018-04-04,0.0891029983758926,0.0891029983758926,0.0726749971508979,0.0788170024752616,0.0788170024752616,156
EDRCoin USD,EDRC-USD,2018-04-05,0.0788500010967254,0.0896970033645629,0.0759570002555847,0.0823009982705116,0.0823009982705116,4030
EDRCoin USD,EDRC-USD,2018-04-06,0.0818819999694824,0.0888559967279434,0.0758790001273155,0.0787499994039535,0.0787499994039535,314
EDRCoin USD,EDRC-USD,2018-04-07,0.0788440033793449,0.0879909992218017,0.0787269994616508,0.0851610004901886,0.0851610004901886,146
EDRCoin USD,EDRC-USD,2018-04-08,0.0852380022406578,0.0987059995532035,0.0812399983406066,0.0978059992194175,0.0978059992194175,1742
EDRCoin USD,EDRC-USD,2018-04-09,0.0979640036821365,0.0988050028681755,0.0817300006747245,0.0834190025925636,0.0834190025925636,201
EDRCoin USD,EDRC-USD,2018-04-10,0.0834869965910911,0.0834869965910911,0.0695630013942718,0.0699570029973983,0.0699570029973983,679
EDRCoin USD,EDRC-USD,2018-04-11,0.0700239986181259,0.0839470028877258,0.0699409991502761,0.0839470028877258,0.0839470028877258,133
EDRCoin USD,EDRC-USD,2018-04-12,0.083745002746582,0.083745002746582,0.0696270018815994,0.0823569968342781,0.0823569968342781,741
EDRCoin USD,EDRC-USD,2018-04-13,0.0824609994888305,0.0926060006022453,0.0809530019760131,0.091839000582695,0.091839000582695,69
EDRCoin USD,EDRC-USD,2018-04-14,0.091839000582695,0.0953999981284141,0.0857810005545616,0.0927129983901977,0.0927129983901977,124
EDRCoin USD,EDRC-USD,2018-04-15,0.0928130000829696,0.0986440032720565,0.0826129987835884,0.0829019993543624,0.0829019993543624,781
EDRCoin USD,EDRC-USD,2018-04-16,0.0828669965267181,0.0997620001435279,0.0728140026330947,0.0997190028429031,0.0997190028429031,4548
EDRCoin USD,EDRC-USD,2018-04-17,0.099770002067089,0.1003659963607788,0.0835620015859603,0.0943320021033287,0.0943320021033287,1298
EDRCoin USD,EDRC-USD,2018-04-18,0.0944190025329589,0.0986059978604316,0.0861850008368492,0.0980250015854835,0.0980250015854835,2915
EDRCoin USD,EDRC-USD,2018-04-19,0.0980980023741722,0.0990099981427192,0.0891299992799758,0.0947789996862411,0.0947789996862411,1153
EDRCoin USD,EDRC-USD,2018-04-20,0.0948420017957687,0.1024819985032081,0.0886579975485801,0.0996719971299171,0.0996719971299171,7218
EDRCoin USD,EDRC-USD,2018-04-21,0.0997069999575614,0.0999820008873939,0.0936739966273307,0.0973069965839386,0.0973069965839386,1648
EDRCoin USD,EDRC-USD,2018-04-22,0.0973069965839386,0.1008780002593994,0.0920919999480247,0.0948299989104271,0.0948299989104271,4422
EDRCoin USD,EDRC-USD,2018-04-23,0.0946390032768249,0.0988579988479614,0.0928329974412918,0.0964199975132942,0.0964199975132942,2345
EDRCoin USD,EDRC-USD,2018-04-24,0.0965019986033439,0.1178949996829032,0.0965019986033439,0.1178949996829032,0.1178949996829032,2876
EDRCoin USD,EDRC-USD,2018-04-25,0.1170940026640892,0.1177190020680427,0.0974500030279159,0.0975869968533515,0.0975869968533515,2358
EDRCoin USD,EDRC-USD,2018-04-26,0.0983960032463073,0.1222790032625198,0.0959929972887039,0.1220059990882873,0.1220059990882873,4170
EDRCoin USD,EDRC-USD,2018-04-27,0.1221750006079673,0.1221750006079673,0.1010520011186599,0.1010520011186599,0.1010520011186599,3702
EDRCoin USD,EDRC-USD,2018-04-28,0.1007049977779388,0.1064819991588592,0.1004469990730285,0.1054460033774375,0.1054460033774375,265
EDRCoin USD,EDRC-USD,2018-04-29,0.1054050028324127,0.1073770001530647,0.101842001080513,0.1028869971632957,0.1028869971632957,1039
EDRCoin USD,EDRC-USD,2018-04-30,0.102852001786232,0.1066619977355003,0.0978550016880035,0.1037919968366622,0.1037919968366622,3743
EDRCoin USD,EDRC-USD,2018-05-01,0.1038829982280731,0.1038829982280731,0.0968189984560012,0.1023349985480308,0.1023349985480308,4671
EDRCoin USD,EDRC-USD,2018-05-02,0.102181002497673,0.1034609973430633,0.0981089994311332,0.1024210005998611,0.1024210005998611,7100
EDRCoin USD,EDRC-USD,2018-05-03,0.1024240031838417,0.1059010028839111,0.0977829992771148,0.1053960025310516,0.1053960025310516,6228
EDRCoin USD,EDRC-USD,2018-05-04,0.1053550019860267,0.1064679995179176,0.1009330004453659,0.1059179976582527,0.1059179976582527,2883
EDRCoin USD,EDRC-USD,2018-05-05,0.1058679968118667,0.1085549965500831,0.1027010008692741,0.1036569997668266,0.1036569997668266,6981
EDRCoin USD,EDRC-USD,2018-05-06,0.1037269979715347,0.1046880036592483,0.0996659994125366,0.1035770028829574,0.1035770028829574,2431
EDRCoin USD,EDRC-USD,2018-05-07,0.1036510020494461,0.1044630035758018,0.096289999783039,0.1017680019140243,0.1017680019140243,3507
EDRCoin USD,EDRC-USD,2018-05-08,0.1019840016961097,0.1029260009527206,0.0867630019783973,0.0980620011687278,0.0980620011687278,354
EDRCoin USD,EDRC-USD,2018-05-09,0.09791299700737,0.1011950001120567,0.0970159992575645,0.0978320017457008,0.0978320017457008,6950
EDRCoin USD,EDRC-USD,2018-05-10,0.0978050008416175,0.1000669971108436,0.0966560021042823,0.0967499986290931,0.0967499986290931,223
EDRCoin USD,EDRC-USD,2018-05-11,0.0968649983406066,0.0968649983406066,0.0841759964823722,0.0892879962921142,0.0892879962921142,302
EDRCoin USD,EDRC-USD,2018-05-12,0.0890259966254234,0.093140996992588,0.0769930034875869,0.0910760015249252,0.0910760015249252,1824
EDRCoin USD,EDRC-USD,2018-05-13,0.0910449996590614,0.0941940024495124,0.0899820029735565,0.093188002705574,0.093188002705574,899
EDRCoin USD,EDRC-USD,2018-05-14,0.0931710004806518,0.0949380025267601,0.0879580006003379,0.0884890034794807,0.0884890034794807,133
EDRCoin USD,EDRC-USD,2018-05-15,0.0883369967341423,0.0897170007228851,0.0826719999313354,0.0840160027146339,0.0840160027146339,937
EDRCoin USD,EDRC-USD,2018-05-16,0.0839679986238479,0.0886669978499412,0.0802569985389709,0.0885969996452331,0.0885969996452331,730
EDRCoin USD,EDRC-USD,2018-05-17,0.0886519998311996,0.0891660004854202,0.080374002456665,0.0808380022644996,0.0808380022644996,296
EDRCoin USD,EDRC-USD,2018-05-18,0.0809089988470077,0.0813219994306564,0.0690300017595291,0.0736889988183975,0.0736889988183975,1463
EDRCoin USD,EDRC-USD,2018-05-19,0.0736780017614364,0.0737790018320083,0.0686860010027885,0.0714839994907379,0.0714839994907379,178
EDRCoin USD,EDRC-USD,2018-05-20,0.0715370029211044,0.0776719972491264,0.0708310008049011,0.073913000524044,0.073913000524044,292
EDRCoin USD,EDRC-USD,2018-05-21,0.0740050002932548,0.0740569978952407,0.0671679973602294,0.073243997991085,0.073243997991085,37
EDRCoin USD,EDRC-USD,2018-05-22,0.0732309967279434,0.0732870027422905,0.0689909979701042,0.069141000509262,0.069141000509262,36
EDRCoin USD,EDRC-USD,2018-05-23,0.0690699964761734,0.0692699998617172,0.0643519982695579,0.0645129978656768,0.0645129978656768,12
EDRCoin USD,EDRC-USD,2018-05-24,0.0643500015139579,0.0660770013928413,0.0622689984738826,0.0652839988470077,0.0652839988470077,15
EDRCoin USD,EDRC-USD,2018-05-25,0.0654070004820823,0.0659110024571418,0.0612399987876415,0.0621399991214275,0.0621399991214275,26
EDRCoin USD,EDRC-USD,2018-05-26,0.062059000134468,0.0693930014967918,0.056352000683546,0.0671290010213851,0.0671290010213851,473
EDRCoin USD,EDRC-USD,2018-05-27,0.0671579986810684,0.0671579986810684,0.057278998196125,0.057693000882864,0.057693000882864,49
EDRCoin USD,EDRC-USD,2018-05-28,0.0577059984207153,0.0756469964981079,0.0564859993755817,0.0704509988427162,0.0704509988427162,4267
EDRCoin USD,EDRC-USD,2018-05-29,0.0704279989004135,0.0808599963784217,0.0685999989509582,0.0774210020899772,0.0774210020899772,2575
EDRCoin USD,EDRC-USD,2018-05-30,0.0774729996919632,0.0867699980735778,0.0762370005249977,0.0828050002455711,0.0828050002455711,466
EDRCoin USD,EDRC-USD,2018-05-31,0.0827889963984489,0.0894410014152526,0.0770429968833923,0.0775289982557296,0.0775289982557296,114
EDRCoin USD,EDRC-USD,2018-06-01,0.0791729986667633,0.0874439999461174,0.0703369975090026,0.0707539990544319,0.0707539990544319,292
EDRCoin USD,EDRC-USD,2018-06-02,0.0720859989523887,0.0777480006217956,0.0711589977145195,0.0756310001015663,0.0756310001015663,227
EDRCoin USD,EDRC-USD,2018-06-03,0.0749009996652603,0.0759999975562095,0.0692439973354339,0.0719960033893585,0.0719960033893585,160
EDRCoin USD,EDRC-USD,2018-06-04,0.0720300003886222,0.0884739980101585,0.0701609998941421,0.0832239985466003,0.0832239985466003,335
EDRCoin USD,EDRC-USD,2018-06-05,0.0832640007138252,0.0833529978990554,0.0770319998264312,0.0794200003147125,0.0794200003147125,111
EDRCoin USD,EDRC-USD,2018-06-06,0.0793989971280098,0.1068309992551803,0.0763470008969307,0.0825849995017051,0.0825849995017051,2918
EDRCoin USD,EDRC-USD,2018-06-07,0.0832580029964447,0.0909579992294311,0.0772679969668388,0.0895520001649856,0.0895520001649856,615
EDRCoin USD,EDRC-USD,2018-06-08,0.0897369980812072,0.1040100008249282,0.0867900028824806,0.0879580006003379,0.0879580006003379,536
EDRCoin USD,EDRC-USD,2018-06-09,0.0879200026392936,0.1135440021753311,0.0879200026392936,0.1090380027890205,0.1090380027890205,3951
EDRCoin USD,EDRC-USD,2018-06-10,0.1091760024428367,0.1091760024428367,0.0802000015974044,0.0840210020542144,0.0840210020542144,281
EDRCoin USD,EDRC-USD,2018-06-11,0.0841410011053085,0.0887790024280548,0.0759819969534874,0.0883210003376007,0.0883210003376007,440
EDRCoin USD,EDRC-USD,2018-06-12,0.0882740020751953,0.0885419994592666,0.0752869993448257,0.0757429972290992,0.0757429972290992,51
EDRCoin USD,EDRC-USD,2018-06-13,0.0759389996528625,0.0763970017433166,0.0694760009646415,0.0731189996004104,0.0731189996004104,14
EDRCoin USD,EDRC-USD,2018-06-14,0.0730860009789466,0.0748960003256797,0.053431998938322,0.0553350001573562,0.0553350001573562,1887
EDRCoin USD,EDRC-USD,2018-06-15,0.0552439987659454,0.0648190006613731,0.0449369996786117,0.0451849997043609,0.0451849997043609,553
EDRCoin USD,EDRC-USD,2018-06-16,0.0450210012495517,0.1190320029854774,0.0449430011212825,0.0848739966750145,0.0848739966750145,16030
EDRCoin USD,EDRC-USD,2018-06-17,0.0851219967007637,0.1157130002975463,0.084377996623516,0.0995080024003982,0.0995080024003982,11612
EDRCoin USD,EDRC-USD,2018-06-18,0.0991669967770576,0.1148789972066879,0.0953439995646476,0.101842001080513,0.101842001080513,6040
EDRCoin USD,EDRC-USD,2018-06-19,0.1017739996314048,0.1195209994912147,0.0975290015339851,0.1173029989004135,0.1173029989004135,2527
EDRCoin USD,EDRC-USD,2018-06-20,0.1173750013113021,0.1174890026450157,0.0964559987187385,0.1094620004296302,0.1094620004296302,1709
EDRCoin USD,EDRC-USD,2018-06-21,0.1094850003719329,0.1173999980092048,0.0998070016503334,0.1114929988980293,0.1114929988980293,2761
EDRCoin USD,EDRC-USD,2018-06-22,0.1113699972629547,0.1115610003471374,0.0860029980540275,0.1003429964184761,0.1003429964184761,2968
EDRCoin USD,EDRC-USD,2018-06-23,0.1003559976816177,0.1019859984517097,0.0873449966311454,0.0965209975838661,0.0965209975838661,904
EDRCoin USD,EDRC-USD,2018-06-24,0.0965079963207244,0.0987230017781257,0.0852119997143745,0.0960969999432563,0.0960969999432563,1827
EDRCoin USD,EDRC-USD,2018-06-25,0.0959110036492347,0.1001790016889572,0.0870819985866546,0.0979460030794143,0.0979460030794143,2089
EDRCoin USD,EDRC-USD,2018-06-26,0.0979460030794143,0.1028240025043487,0.0910739973187446,0.0952259972691536,0.0952259972691536,1030
EDRCoin USD,EDRC-USD,2018-06-27,0.0951879993081092,0.0951879993081092,0.0884030014276504,0.0941950008273124,0.0941950008273124,608
EDRCoin USD,EDRC-USD,2018-06-28,0.0942279994487762,0.1007760018110275,0.0866729989647865,0.0969820022583007,0.0969820022583007,1216
EDRCoin USD,EDRC-USD,2018-06-29,0.0970439985394477,0.0975570008158683,0.0875200033187866,0.091618001461029,0.091618001461029,387
EDRCoin USD,EDRC-USD,2018-06-30,0.0917420014739036,0.1214409992098808,0.0917420014739036,0.1065850034356117,0.1065850034356117,4487
EDRCoin USD,EDRC-USD,2018-07-01,0.1066090017557144,0.1378639936447143,0.1066090017557144,0.1249110028147697,0.1249110028147697,10120
EDRCoin USD,EDRC-USD,2018-07-02,0.1249250024557113,0.1317050009965896,0.112977996468544,0.1300330013036728,0.1300330013036728,5809
EDRCoin USD,EDRC-USD,2018-07-03,0.1294240057468414,0.1551869958639145,0.1250510066747665,0.1435330063104629,0.1435330063104629,9033
EDRCoin USD,EDRC-USD,2018-07-04,0.1434649974107742,0.1586270034313202,0.1268910020589828,0.1424790024757385,0.1424790024757385,7350
EDRCoin USD,EDRC-USD,2018-07-05,0.1395760029554367,0.2758640050888061,0.1353359967470169,0.161992996931076,0.161992996931076,19510
EDRCoin USD,EDRC-USD,2018-07-06,0.1619669944047927,0.1896360069513321,0.1340769976377487,0.1706770062446594,0.1706770062446594,7649
EDRCoin USD,EDRC-USD,2018-07-07,0.1703889966011047,0.1750890016555786,0.1610720008611679,0.162771999835968,0.162771999835968,6191
EDRCoin USD,EDRC-USD,2018-07-08,0.1625889986753463,0.1967850029468536,0.1625889986753463,0.1818179935216903,0.1818179935216903,7915
EDRCoin USD,EDRC-USD,2018-07-09,0.181778997182846,0.1866759955883026,0.1690420061349868,0.1807139962911605,0.1807139962911605,10773
EDRCoin USD,EDRC-USD,2018-07-10,0.1805859953165054,0.1823049932718277,0.1595000028610229,0.1618580073118209,0.1618580073118209,6666
EDRCoin USD,EDRC-USD,2018-07-11,0.1618649959564209,0.1644410043954849,0.1387840062379837,0.1630869954824447,0.1630869954824447,3686
EDRCoin USD,EDRC-USD,2018-07-12,0.1630509942770004,0.1630509942770004,0.124839000403881,0.1267420053482055,0.1267420053482055,4310
EDRCoin USD,EDRC-USD,2018-07-13,0.1271699965000152,0.1364710032939911,0.1260810047388076,0.1283050030469894,0.1283050030469894,1206
EDRCoin USD,EDRC-USD,2018-07-14,0.1278759986162185,0.1429069936275482,0.1166059970855712,0.1173230037093162,0.1173230037093162,1933
EDRCoin USD,EDRC-USD,2018-07-15,0.1172939985990524,0.1445260047912597,0.1112819984555244,0.1415950059890747,0.1415950059890747,10428
EDRCoin USD,EDRC-USD,2018-07-16,0.1417260020971298,0.1487859934568405,0.1142719984054565,0.1474290043115615,0.1474290043115615,3802
EDRCoin USD,EDRC-USD,2018-07-17,0.1470209956169128,0.1622840017080307,0.1310150027275085,0.1621949970722198,0.1621949970722198,2488
EDRCoin USD,EDRC-USD,2018-07-18,0.1621239930391311,0.167491003870964,0.140307992696762,0.1605300009250641,0.1605300009250641,1804
EDRCoin USD,EDRC-USD,2018-07-19,0.1604519933462143,0.1626120060682296,0.1323910057544708,0.1455859988927841,0.1455859988927841,2653
EDRCoin USD,EDRC-USD,2018-07-20,0.1455319970846176,0.1566780060529709,0.131532996892929,0.1316049993038177,0.1316049993038177,388
EDRCoin USD,EDRC-USD,2018-07-21,0.1354680061340332,0.1378169953823089,0.126252993941307,0.1372870057821273,0.1372870057821273,2062
EDRCoin USD,EDRC-USD,2018-07-22,0.137251004576683,0.1488710045814514,0.1322389990091323,0.1460590064525604,0.1460590064525604,561
EDRCoin USD,EDRC-USD,2018-07-23,0.1458889991044998,0.1506219953298568,0.1295710057020187,0.1405510008335113,0.1405510008335113,1247
EDRCoin USD,EDRC-USD,2018-07-24,0.1407569944858551,0.1513880044221878,0.1358090043067932,0.1485980004072189,0.1485980004072189,1431
EDRCoin USD,EDRC-USD,2018-07-25,0.1458459943532943,0.1545380055904388,0.1429670006036758,0.1476999968290329,0.1476999968290329,2242
EDRCoin USD,EDRC-USD,2018-07-26,0.1476480066776275,0.1534229964017868,0.1287180036306381,0.1389770060777664,0.1389770060777664,1764
EDRCoin USD,EDRC-USD,2018-07-27,0.1389009952545166,0.1469690054655075,0.1267029941082,0.1460350006818771,0.1460350006818771,743
EDRCoin USD,EDRC-USD,2018-07-28,0.1463370025157928,0.1499300003051757,0.1370709985494613,0.1483490020036697,0.1483490020036697,498
EDRCoin USD,EDRC-USD,2018-07-29,0.14894600212574,0.1493059992790222,0.1352110058069229,0.1453060060739517,0.1453060060739517,390
EDRCoin USD,EDRC-USD,2018-07-30,0.1453910022974014,0.1455930024385452,0.1277530044317245,0.1425050050020218,0.1425050050020218,499
EDRCoin USD,EDRC-USD,2018-07-31,0.1422349959611892,0.1422349959611892,0.1285360008478164,0.1348430067300796,0.1348430067300796,659
EDRCoin USD,EDRC-USD,2018-08-01,0.1349630057811737,0.1350280046463012,0.1259029954671859,0.1324499994516372,0.1324499994516372,441
EDRCoin USD,EDRC-USD,2018-08-02,0.1325220018625259,0.1330430060625076,0.1296470016241073,0.1308719962835312,0.1308719962835312,472
EDRCoin USD,EDRC-USD,2018-08-03,0.1308590024709701,0.1308590024709701,0.1239489987492561,0.1245130002498626,0.1245130002498626,1375
EDRCoin USD,EDRC-USD,2018-08-04,0.1246929988265037,0.1291680037975311,0.1204229965806007,0.1211720034480094,0.1211720034480094,90
EDRCoin USD,EDRC-USD,2018-08-05,0.1212259978055954,0.1288450062274933,0.1176069974899292,0.1208880022168159,0.1208880022168159,1052
EDRCoin USD,EDRC-USD,2018-08-06,0.1210329979658126,0.1314669996500015,0.1150830015540123,0.1163069978356361,0.1163069978356361,741
EDRCoin USD,EDRC-USD,2018-08-07,0.1162630021572113,0.1291099935770034,0.1162630021572113,0.1186330020427703,0.1186330020427703,520
EDRCoin USD,EDRC-USD,2018-08-08,0.1187639981508255,0.1187639981508255,0.1060990020632743,0.1110699996352195,0.1110699996352195,600
EDRCoin USD,EDRC-USD,2018-08-09,0.1113220006227493,0.11455799639225,0.1060770004987716,0.1116229966282844,0.1116229966282844,76
EDRCoin USD,EDRC-USD,2018-08-10,0.1115069985389709,0.1335349977016449,0.1047639995813369,0.1223710030317306,0.1223710030317306,1092
EDRCoin USD,EDRC-USD,2018-08-11,0.1222539991140365,0.2001940011978149,0.1164230033755302,0.1165649965405464,0.1165649965405464,2299
EDRCoin USD,EDRC-USD,2018-08-12,0.1162159964442253,0.1404359936714172,0.1071930006146431,0.1309700012207031,0.1309700012207031,274
EDRCoin USD,EDRC-USD,2018-08-13,0.1309240013360977,0.1315460056066513,0.1072719991207122,0.121127001941204,0.121127001941204,100
EDRCoin USD,EDRC-USD,2018-08-14,0.121017001569271,0.121017001569271,0.1012739986181259,0.1025599986314773,0.1025599986314773,222
EDRCoin USD,EDRC-USD,2018-08-15,0.1024760007858276,0.1277969926595688,0.1024509966373443,0.1067219972610473,0.1067219972610473,326
EDRCoin USD,EDRC-USD,2018-08-16,0.10657200217247,0.1325089931488037,0.090388998389244,0.1143169999122619,0.1143169999122619,1832
EDRCoin USD,EDRC-USD,2018-08-17,0.114326000213623,0.200092002749443,0.1060070022940635,0.1824399977922439,0.1824399977922439,991
EDRCoin USD,EDRC-USD,2018-08-18,0.1824029982089996,0.1829729974269867,0.117305003106594,0.1174039989709854,0.1174039989709854,9
EDRCoin USD,EDRC-USD,2018-08-19,0.1174419969320297,0.1302399933338165,0.0979780033230781,0.1295929998159408,0.1295929998159408,6775
EDRCoin USD,EDRC-USD,2018-08-20,0.129381000995636,0.1304129958152771,0.0981540009379386,0.100452996790409,0.100452996790409,2575
EDRCoin USD,EDRC-USD,2018-08-21,0.1003059968352317,0.1138639971613884,0.1002909988164901,0.1117409989237785,0.1117409989237785,544
EDRCoin USD,EDRC-USD,2018-08-22,0.1117630004882812,0.1233009994029998,0.1088510006666183,0.1164769977331161,0.1164769977331161,160
EDRCoin USD,EDRC-USD,2018-08-23,0.1165060028433799,0.122078001499176,0.1151729971170425,0.1215749979019165,0.1215749979019165,234
EDRCoin USD,EDRC-USD,2018-08-24,0.1207209974527359,0.1246180012822151,0.1165969967842102,0.1179139986634254,0.1179139986634254,103
EDRCoin USD,EDRC-USD,2018-08-25,0.1177019998431205,0.1202739998698234,0.1015430018305778,0.1198590025305748,0.1198590025305748,171
EDRCoin USD,EDRC-USD,2018-08-26,0.120117001235485,0.1204660013318061,0.1146970018744468,0.1171479970216751,0.1171479970216751,169
EDRCoin USD,EDRC-USD,2018-08-27,0.1170929968357086,0.1312800049781799,0.1077160015702247,0.1253580003976822,0.1253580003976822,142
EDRCoin USD,EDRC-USD,2018-08-28,0.1261530071496963,0.1281799972057342,0.1074879989027977,0.1075970008969307,0.1075970008969307,78
EDRCoin USD,EDRC-USD,2018-08-29,0.1076899990439415,0.1214789971709251,0.1067100018262863,0.1212719976902008,0.1212719976902008,130
EDRCoin USD,EDRC-USD,2018-08-30,0.1213390007615089,0.121748000383377,0.1052360013127327,0.1112380027770996,0.1112380027770996,823
EDRCoin USD,EDRC-USD,2018-08-31,0.111346997320652,0.1176540032029151,0.1067539975047111,0.1107409968972206,0.1107409968972206,438
EDRCoin USD,EDRC-USD,2018-09-01,0.1106069982051849,0.1141650006175041,0.1040500029921531,0.1079230010509491,0.1079230010509491,601
EDRCoin USD,EDRC-USD,2018-09-02,0.107973001897335,0.1221520006656646,0.1072740033268928,0.119048997759819,0.119048997759819,238
EDRCoin USD,EDRC-USD,2018-09-03,0.1190209984779357,0.1192039996385574,0.1074339970946312,0.1077070012688636,0.1077070012688636,466
EDRCoin USD,EDRC-USD,2018-09-04,0.1077070012688636,0.1148490011692047,0.1074249967932701,0.1145759969949722,0.1145759969949722,28
EDRCoin USD,EDRC-USD,2018-09-05,0.1146700009703636,0.1150169968605041,0.0972689986228942,0.0972689986228942,0.0972689986228942,193
EDRCoin USD,EDRC-USD,2018-09-06,0.0974410027265548,0.1011409983038902,0.0919239968061447,0.0939500033855438,0.0939500033855438,105
EDRCoin USD,EDRC-USD,2018-09-07,0.0938469991087913,0.0958279967308044,0.0919160023331642,0.0957050025463104,0.0957050025463104,46
EDRCoin USD,EDRC-USD,2018-09-08,0.0958229973912239,0.098201997578144,0.0876519978046417,0.0955879986286163,0.0955879986286163,3
EDRCoin USD,EDRC-USD,2018-09-09,0.0955429971218109,0.0960159972310066,0.0925439968705177,0.0936440005898475,0.0936440005898475,17
EDRCoin USD,EDRC-USD,2018-09-10,0.0935920029878616,0.0961140021681785,0.085047997534275,0.0959900021553039,0.0959900021553039,61
EDRCoin USD,EDRC-USD,2018-09-11,0.0961510017514228,0.0967829972505569,0.0836609974503517,0.0918700024485588,0.0918700024485588,28
EDRCoin USD,EDRC-USD,2018-09-12,0.0918819978833198,0.0920509994029998,0.0834940001368522,0.0842769965529441,0.0842769965529441,27
EDRCoin USD,EDRC-USD,2018-09-13,0.0843499973416328,0.0903259962797164,0.0843499973416328,0.0891290009021759,0.0891290009021759,63
EDRCoin USD,EDRC-USD,2018-09-14,0.0890749990940094,0.0954499989748001,0.0887050032615661,0.0910070016980171,0.0910070016980171,166
EDRCoin USD,EDRC-USD,2018-09-15,0.0908849984407424,0.0914240032434463,0.0876519978046417,0.0880720019340515,0.0880720019340515,11
EDRCoin USD,EDRC-USD,2018-09-16,0.0883190035820007,0.0942630022764206,0.0774360001087188,0.0940560027956962,0.0940560027956962,484
EDRCoin USD,EDRC-USD,2018-09-17,0.0942879989743232,0.0962409973144531,0.0874200016260147,0.0879160016775131,0.0879160016775131,38
EDRCoin USD,EDRC-USD,2018-09-18,0.0879250019788742,0.0913859978318214,0.0850889980792999,0.0862860009074211,0.0862860009074211,80
EDRCoin USD,EDRC-USD,2018-09-19,0.0863339975476265,0.0981850028038024,0.0851299986243248,0.0973630025982856,0.0973630025982856,130
EDRCoin USD,EDRC-USD,2018-09-20,0.0974050015211105,0.1003459990024566,0.0863199979066848,0.0895060002803802,0.0895060002803802,12
EDRCoin USD,EDRC-USD,2018-09-21,0.0895309969782829,0.0963739976286888,0.0894040018320083,0.0928269997239112,0.0928269997239112,83
EDRCoin USD,EDRC-USD,2018-09-22,0.0928990021347999,0.0935729965567588,0.0868270024657249,0.0924459993839263,0.0924459993839263,28
EDRCoin USD,EDRC-USD,2018-09-23,0.0924919992685318,0.0926550030708313,0.0908749997615814,0.0912230014801025,0.0912230014801025,47
EDRCoin USD,EDRC-USD,2018-09-24,0.0912460014224052,0.092070996761322,0.079363003373146,0.0807730033993721,0.0807730033993721,95
EDRCoin USD,EDRC-USD,2018-09-25,0.0806820020079612,0.0847249999642372,0.0645150020718574,0.0801210030913353,0.0801210030913353,451
EDRCoin USD,EDRC-USD,2018-09-26,0.0799909979104995,0.0810210034251213,0.0786669999361038,0.0794439986348152,0.0794439986348152,7
EDRCoin USD,EDRC-USD,2018-09-27,0.0795409977436065,0.087116003036499,0.0642699971795082,0.0642900019884109,0.0642900019884109,46
EDRCoin USD,EDRC-USD,2018-09-28,0.0643040016293525,0.0957249999046325,0.0636349990963935,0.0953940004110336,0.0953940004110336,7
EDRCoin USD,EDRC-USD,2018-09-29,0.0953330025076866,0.0953330025076866,0.0834259986877441,0.0836030021309852,0.0836030021309852,36
EDRCoin USD,EDRC-USD,2018-09-30,0.0835729986429214,0.0975719988346099,0.0828490033745765,0.0974500030279159,0.0974500030279159,274
EDRCoin USD,EDRC-USD,2018-10-01,0.0971579998731613,0.0971579998731613,0.0845090001821518,0.0947429984807968,0.0947429984807968,67
EDRCoin USD,EDRC-USD,2018-10-02,0.0944750010967254,0.0948129966855049,0.0845159962773323,0.0845939964056015,0.0845939964056015,37
EDRCoin USD,EDRC-USD,2018-10-03,0.0846360027790069,0.0947879999876022,0.0731690004467964,0.0916050001978874,0.0916050001978874,486
EDRCoin USD,EDRC-USD,2018-10-04,0.0917150005698204,0.1016329973936081,0.0851659998297691,0.0851659998297691,0.0851659998297691,174
EDRCoin USD,EDRC-USD,2018-10-05,0.0844610035419464,0.0996199995279312,0.0841680020093917,0.0929400026798248,0.0929400026798248,229
EDRCoin USD,EDRC-USD,2018-10-06,0.0931480005383491,0.0959919989109039,0.0821020007133483,0.0821809992194175,0.0821809992194175,12
EDRCoin USD,EDRC-USD,2018-10-07,0.0824860036373138,0.0918459966778755,0.0789970010519027,0.0912680029869079,0.0912680029869079,44
EDRCoin USD,EDRC-USD,2018-10-08,0.0916879996657371,0.091839000582695,0.0806960016489029,0.0819220021367073,0.0819220021367073,18
EDRCoin USD,EDRC-USD,2018-10-09,0.0822070017457008,0.0823149979114532,0.0612119995057582,0.0804030001163482,0.0804030001163482,241
EDRCoin USD,EDRC-USD,2018-10-10,0.0800890028476715,0.0945850014686584,0.0648270025849342,0.094539999961853,0.094539999961853,1423
EDRCoin USD,EDRC-USD,2018-10-11,0.0942210033535957,0.0943119972944259,0.0781970024108886,0.0807809978723526,0.0807809978723526,111
EDRCoin USD,EDRC-USD,2018-10-12,0.0806770026683807,0.0821549966931343,0.0654480010271072,0.065590001642704,0.065590001642704,58
EDRCoin USD,EDRC-USD,2018-10-13,0.065591000020504,0.0848309993743896,0.0654520019888877,0.0843830034136772,0.0843830034136772,17
EDRCoin USD,EDRC-USD,2018-10-14,0.0844039991497993,0.0856989994645118,0.0707480013370513,0.0717030018568039,0.0717030018568039,34
EDRCoin USD,EDRC-USD,2018-10-15,0.071782998740673,0.0956349968910217,0.0712840035557746,0.0722019970417022,0.0722019970417022,199
EDRCoin USD,EDRC-USD,2018-10-16,0.0721359997987747,0.1030139997601509,0.0718649998307228,0.0971949994564056,0.0971949994564056,171
EDRCoin USD,EDRC-USD,2018-10-17,0.0975299999117851,0.0977620035409927,0.0679870024323463,0.0819699987769126,0.0819699987769126,159
EDRCoin USD,EDRC-USD,2018-10-18,0.0822919979691505,0.0823030024766922,0.0779839977622032,0.0784920006990432,0.0784920006990432,42
EDRCoin USD,EDRC-USD,2018-10-19,0.0784799978137016,0.0798370018601417,0.0754999965429306,0.0755560025572776,0.0755560025572776,55
EDRCoin USD,EDRC-USD,2018-10-20,0.0755620002746582,0.0798920020461082,0.0744659975171089,0.0750600025057792,0.0750600025057792,79
EDRCoin USD,EDRC-USD,2018-10-21,0.0750769972801208,0.0913499966263771,0.07430300116539,0.0775289982557296,0.0775289982557296,202
EDRCoin USD,EDRC-USD,2018-10-22,0.0774900019168853,0.0867649987339973,0.0767130032181739,0.0858199968934059,0.0858199968934059,116
EDRCoin USD,EDRC-USD,2018-10-23,0.0858130007982254,0.0862710028886795,0.0724819973111152,0.0819989964365959,0.0819989964365959,21
EDRCoin USD,EDRC-USD,2018-10-24,0.0816280022263526,0.0849469974637031,0.0683600008487701,0.0683820024132728,0.0683820024132728,247
EDRCoin USD,EDRC-USD,2018-10-25,0.068412996828556,0.08347699791193,0.0678780004382133,0.0822890028357505,0.0822890028357505,105
EDRCoin USD,EDRC-USD,2018-10-26,0.0821549966931343,0.0826309993863105,0.0712630003690719,0.0755150020122528,0.0755150020122528,138
EDRCoin USD,EDRC-USD,2018-10-27,0.0752239972352981,0.0819979980587959,0.0686279982328414,0.0814670026302337,0.0814670026302337,134
EDRCoin USD,EDRC-USD,2018-10-28,0.0819059982895851,0.0847249999642372,0.080324999988079,0.0846149995923042,0.0846149995923042,245
EDRCoin USD,EDRC-USD,2018-10-29,0.0841900035738945,0.0849210023880004,0.0802180022001266,0.0807299986481666,0.0807299986481666,114
EDRCoin USD,EDRC-USD,2018-10-30,0.0807410031557083,0.0808129981160163,0.0712049975991249,0.076102003455162,0.076102003455162,197
EDRCoin USD,EDRC-USD,2018-10-31,0.0763399973511695,0.0791750028729438,0.0704960003495216,0.0791099965572357,0.0791099965572357,151
EDRCoin USD,EDRC-USD,2018-11-01,0.0791099965572357,0.0813530012965202,0.0755980014801025,0.0755980014801025,0.0755980014801025,71
EDRCoin USD,EDRC-USD,2018-11-02,0.0755980014801025,0.0844310000538826,0.0755980014801025,0.0841019973158836,0.0841019973158836,70
EDRCoin USD,EDRC-USD,2018-11-03,0.0841019973158836,0.0860790014266967,0.0740759968757629,0.0740759968757629,0.0740759968757629,100
EDRCoin USD,EDRC-USD,2018-11-04,0.0740759968757629,0.0825899988412857,0.0702380016446113,0.0825729966163635,0.0825729966163635,399
EDRCoin USD,EDRC-USD,2018-11-05,0.0825729966163635,0.0913050025701522,0.0772460028529167,0.085037000477314,0.085037000477314,670
EDRCoin USD,EDRC-USD,2018-11-06,0.0853819996118545,0.0871220007538795,0.0828059986233711,0.085946001112461,0.085946001112461,193
EDRCoin USD,EDRC-USD,2018-11-07,0.0859429985284805,0.0938969999551773,0.0835789963603019,0.088028997182846,0.088028997182846,3345
EDRCoin USD,EDRC-USD,2018-11-08,0.087968997657299,0.0939899981021881,0.0835179984569549,0.0899360030889511,0.0899360030889511,2628
EDRCoin USD,EDRC-USD,2018-11-09,0.0899420008063316,0.0941099971532821,0.0844710022211074,0.0936369970440864,0.0936369970440864,1424
EDRCoin USD,EDRC-USD,2018-11-10,0.0936229974031448,0.1002169996500015,0.0925439968705177,0.0957529991865158,0.0957529991865158,2235
EDRCoin USD,EDRC-USD,2018-11-11,0.0957430005073547,0.1105590015649795,0.0928369984030723,0.1026460006833076,0.1026460006833076,7369
EDRCoin USD,EDRC-USD,2018-11-12,0.1032790020108223,0.1300960034132003,0.0958330035209655,0.1061619967222213,0.1061619967222213,6483
EDRCoin USD,EDRC-USD,2018-11-13,0.1057019978761673,0.1210360005497932,0.1014790013432502,0.1052410006523132,0.1052410006523132,2294
EDRCoin USD,EDRC-USD,2018-11-14,0.10173200070858,0.1183909997344017,0.0919860005378723,0.1080399975180625,0.1080399975180625,4037
EDRCoin USD,EDRC-USD,2018-11-15,0.108593001961708,0.1103250011801719,0.0877730026841163,0.0948140025138855,0.0948140025138855,3134
EDRCoin USD,EDRC-USD,2018-11-16,0.0947860032320022,0.1002509966492652,0.0886330008506774,0.0961679965257644,0.0961679965257644,1570
EDRCoin USD,EDRC-USD,2018-11-17,0.0963670015335083,0.0974209979176521,0.0885180011391639,0.097010999917984,0.097010999917984,1928
EDRCoin USD,EDRC-USD,2018-11-18,0.0973249971866607,0.0982709974050521,0.0906620025634765,0.0936810001730918,0.0936810001730918,1790
EDRCoin USD,EDRC-USD,2018-11-19,0.0937179997563362,0.0937179997563362,0.0786129981279373,0.0845419988036155,0.0845419988036155,2388
EDRCoin USD,EDRC-USD,2018-11-20,0.0840519964694976,0.0887719988822937,0.0711300000548362,0.079196996986866,0.079196996986866,1740
EDRCoin USD,EDRC-USD,2018-11-21,0.079254999756813,0.0879010036587715,0.0751760005950927,0.0835200026631355,0.0835200026631355,1198
EDRCoin USD,EDRC-USD,2018-11-22,0.0832149982452392,0.104491002857685,0.0785769969224929,0.0951820015907287,0.0951820015907287,5311
EDRCoin USD,EDRC-USD,2018-11-23,0.0947000011801719,0.104712001979351,0.0886560007929802,0.1002369970083236,0.1002369970083236,2931
EDRCoin USD,EDRC-USD,2018-11-24,0.1001650020480156,0.1153410002589225,0.0976480022072792,0.0985860005021095,0.0985860005021095,4579
EDRCoin USD,EDRC-USD,2018-11-25,0.0986270010471344,0.1368129998445511,0.0892440006136894,0.135235995054245,0.135235995054245,9659
EDRCoin USD,EDRC-USD,2018-11-26,0.1293250024318695,0.1501699984073639,0.1220540031790733,0.1339839994907379,0.1339839994907379,7544
EDRCoin USD,EDRC-USD,2018-11-27,0.1339000016450882,0.1499489992856979,0.1339000016450882,0.148727998137474,0.148727998137474,6377
EDRCoin USD,EDRC-USD,2018-11-28,0.1488700062036514,0.1748239994049072,0.1417659968137741,0.1695889979600906,0.1695889979600906,7777
EDRCoin USD,EDRC-USD,2018-11-29,0.1702879965305328,0.2508009970188141,0.1661999970674514,0.230673000216484,0.230673000216484,24032
EDRCoin USD,EDRC-USD,2018-11-30,0.2312140017747879,0.2331909984350204,0.1959940046072006,0.1961189955472946,0.1961189955472946,10762
EDRCoin USD,EDRC-USD,2018-12-01,0.1966750025749206,0.2086209952831268,0.1681410074234008,0.1796769946813583,0.1796769946813583,7700
EDRCoin USD,EDRC-USD,2018-12-02,0.1795320063829422,0.213369995355606,0.1795320063829422,0.2091130018234253,0.2091130018234253,5068
EDRCoin USD,EDRC-USD,2018-12-03,0.2103029936552047,0.2103029936552047,0.1780750006437301,0.1936710029840469,0.1936710029840469,2620
EDRCoin USD,EDRC-USD,2018-12-04,0.1935310065746307,0.2120320051908493,0.1931740045547485,0.1980360001325607,0.1980360001325607,9959
EDRCoin USD,EDRC-USD,2018-12-05,0.1982479989528656,0.2083929926156997,0.1893589943647384,0.1981550008058548,0.1981550008058548,10479
EDRCoin USD,EDRC-USD,2018-12-06,0.198072999715805,0.2133820056915283,0.1790180057287216,0.1790180057287216,0.1790180057287216,9376
EDRCoin USD,EDRC-USD,2018-12-07,0.1787090003490448,0.1931270062923431,0.1681129932403564,0.1829320043325424,0.1829320043325424,11403
EDRCoin USD,EDRC-USD,2018-12-08,0.1828179955482483,0.2472770065069198,0.1715099960565567,0.2365919947624206,0.2365919947624206,11204
EDRCoin USD,EDRC-USD,2018-12-09,0.2359070032835006,0.2398640066385269,0.2191669940948486,0.2313500046730041,0.2313500046730041,10577
EDRCoin USD,EDRC-USD,2018-12-10,0.2310460060834884,0.233037993311882,0.1970680058002472,0.2294549942016601,0.2294549942016601,15662
EDRCoin USD,EDRC-USD,2018-12-11,0.2292079925537109,0.2315890043973922,0.210984006524086,0.2257879972457885,0.2257879972457885,8381
EDRCoin USD,EDRC-USD,2018-12-12,0.225490003824234,0.2301519960165023,0.2089349925518036,0.2233130037784576,0.2233130037784576,11058
EDRCoin USD,EDRC-USD,2018-12-13,0.2234259992837906,0.2301599979400634,0.2072190046310424,0.2184240072965622,0.2184240072965622,11084
EDRCoin USD,EDRC-USD,2018-12-14,0.2182880043983459,0.2271350026130676,0.1952359974384308,0.2084809988737106,0.2084809988737106,9919
EDRCoin USD,EDRC-USD,2018-12-15,0.208639994263649,0.2183919996023178,0.1960300058126449,0.2153159976005554,0.2153159976005554,10060
EDRCoin USD,EDRC-USD,2018-12-16,0.215281993150711,0.2182649970054626,0.1957380026578903,0.2013610005378723,0.2013610005378723,8556
EDRCoin USD,EDRC-USD,2018-12-17,0.2016299962997436,0.2288970053195953,0.1966170072555542,0.2286130040884018,0.2286130040884018,12344
EDRCoin USD,EDRC-USD,2018-12-18,0.2286500036716461,0.2301429957151413,0.210109993815422,0.2258210033178329,0.2258210033178329,12953
EDRCoin USD,EDRC-USD,2018-12-19,0.226512998342514,0.2286670058965683,0.1849510073661804,0.2034109979867935,0.2034109979867935,13513
EDRCoin USD,EDRC-USD,2018-12-20,0.202906996011734,0.2195229977369308,0.1851660013198852,0.194473996758461,0.194473996758461,11509
EDRCoin USD,EDRC-USD,2018-12-21,0.1938800066709518,0.2247020006179809,0.1669420003890991,0.1947540044784546,0.1947540044784546,14413
EDRCoin USD,EDRC-USD,2018-12-22,0.1949820071458816,0.2149980068206787,0.1787219941616058,0.2112700045108795,0.2112700045108795,16193
EDRCoin USD,EDRC-USD,2018-12-23,0.2117200046777725,0.217957004904747,0.1788150072097778,0.1953639984130859,0.1953639984130859,8186
EDRCoin USD,EDRC-USD,2018-12-24,0.1954459995031356,0.2086160033941269,0.1720290035009384,0.1850370019674301,0.1850370019674301,10944
EDRCoin USD,EDRC-USD,2018-12-25,0.1854269951581955,0.2112450003623962,0.1686889976263046,0.1784590035676956,0.1784590035676956,10866
EDRCoin USD,EDRC-USD,2018-12-26,0.1782200038433075,0.1912000030279159,0.171641007065773,0.1906570047140121,0.1906570047140121,7560
EDRCoin USD,EDRC-USD,2018-12-27,0.1905259937047958,0.1906889975070953,0.1586550027132034,0.1732099950313568,0.1732099950313568,7708
EDRCoin USD,EDRC-USD,2018-12-28,0.1733790040016174,0.1900009959936142,0.1613679975271225,0.1882089972496032,0.1882089972496032,12033
EDRCoin USD,EDRC-USD,2018-12-29,0.2006680071353912,0.2176630049943924,0.1753900051116943,0.1759340018033981,0.1759340018033981,13913
EDRCoin USD,EDRC-USD,2018-12-30,0.1761129945516586,0.1854529976844787,0.1661899983882904,0.1814810037612915,0.1814810037612915,5894
EDRCoin USD,EDRC-USD,2018-12-31,0.1817030012607574,0.1851660013198852,0.1658229976892471,0.1668320000171661,0.1668320000171661,8585
EDRCoin USD,EDRC-USD,2019-01-01,0.1671680063009262,0.1866240054368972,0.1668870002031326,0.1863179951906204,0.1863179951906204,11175
EDRCoin USD,EDRC-USD,2019-01-02,0.1867890059947967,0.1894630044698715,0.1731989979743957,0.1885890066623687,0.1885890066623687,6096
EDRCoin USD,EDRC-USD,2019-01-03,0.1887490004301071,0.2032800018787384,0.1766040027141571,0.1842039972543716,0.1842039972543716,8463
EDRCoin USD,EDRC-USD,2019-01-04,0.1912640035152435,0.1922959983348846,0.1726080030202865,0.186039000749588,0.186039000749588,9708
EDRCoin USD,EDRC-USD,2019-01-05,0.1858090013265609,0.2015909999608993,0.1801169961690902,0.181547999382019,0.181547999382019,7620
EDRCoin USD,EDRC-USD,2019-01-06,0.181546002626419,0.2003290057182312,0.1812369972467422,0.1998129934072494,0.1998129934072494,8389
EDRCoin USD,EDRC-USD,2019-01-07,0.199860006570816,0.2046779990196228,0.1889079958200454,0.1970130056142807,0.1970130056142807,6960
EDRCoin USD,EDRC-USD,2019-01-08,0.1973090022802353,0.2018020004034042,0.1906049996614456,0.1925249993801117,0.1925249993801117,10529
EDRCoin USD,EDRC-USD,2019-01-09,0.1928739994764328,0.2006839960813522,0.1920700073242187,0.193351000547409,0.193351000547409,9249
EDRCoin USD,EDRC-USD,2019-01-10,0.1934980005025863,0.2027540057897567,0.1781709939241409,0.1823830008506775,0.1823830008506775,8805
EDRCoin USD,EDRC-USD,2019-01-11,0.1823460012674331,0.2036159932613372,0.1777459979057312,0.1918690055608749,0.1918690055608749,21581
EDRCoin USD,EDRC-USD,2019-01-12,0.1916829943656921,0.2118780016899109,0.1709340065717697,0.1862860023975372,0.1862860023975372,15913
EDRCoin USD,EDRC-USD,2019-01-13,0.1862979978322982,0.197720006108284,0.1829439997673034,0.1912849992513656,0.1912849992513656,7387
EDRCoin USD,EDRC-USD,2019-01-14,0.1913779973983764,0.2228389978408813,0.1908140033483505,0.2044569998979568,0.2044569998979568,7818
EDRCoin USD,EDRC-USD,2019-01-15,0.2043109983205795,0.2410770058631897,0.2043109983205795,0.2296179980039596,0.2296179980039596,8163
EDRCoin USD,EDRC-USD,2019-01-16,0.2292079925537109,0.2556360065937042,0.2082560062408447,0.2554650008678436,0.2554650008678436,8373
EDRCoin USD,EDRC-USD,2019-01-17,0.2484830021858215,0.3464320003986358,0.2482659965753555,0.3258059918880462,0.3258059918880462,18580
EDRCoin USD,EDRC-USD,2019-01-18,0.3257629871368408,0.3618809878826141,0.3190419971942901,0.3365600109100342,0.3365600109100342,12562
EDRCoin USD,EDRC-USD,2019-01-19,0.3366430103778839,0.3557069897651672,0.3322660028934479,0.3417420089244842,0.3417420089244842,9258
EDRCoin USD,EDRC-USD,2019-01-20,0.3414109945297241,0.3673099875450134,0.3231300115585327,0.3277980089187622,0.3277980089187622,11448
EDRCoin USD,EDRC-USD,2019-01-21,0.3278700113296509,0.3576110005378723,0.3270319998264313,0.3530749976634979,0.3530749976634979,10550
EDRCoin USD,EDRC-USD,2019-01-22,0.3532939851284027,0.4879080057144165,0.3450370132923126,0.4636340141296386,0.4636340141296386,34410
EDRCoin USD,EDRC-USD,2019-01-23,0.4636929929256439,0.5269020199775696,0.43681401014328,0.5008170008659363,0.5008170008659363,29271
EDRCoin USD,EDRC-USD,2019-01-24,0.5007460117340088,0.6030769944190979,0.4882330000400543,0.5870710015296936,0.5870710015296936,39175
EDRCoin USD,EDRC-USD,2019-01-25,0.5981839895248413,0.6120010018348694,0.5519319772720337,0.6020879745483398,0.6020879745483398,37810
EDRCoin USD,EDRC-USD,2019-01-26,0.6020449995994568,0.602508008480072,0.5431699752807617,0.5720919966697693,0.5720919966697693,8746
EDRCoin USD,EDRC-USD,2019-01-27,0.5722569823265076,0.5836449861526489,0.553596019744873,0.5756030082702637,0.5756030082702637,13878
EDRCoin USD,EDRC-USD,2019-01-28,0.5700259804725647,0.5768129825592041,0.4499990046024322,0.4606069922447204,0.4606069922447204,24693
EDRCoin USD,EDRC-USD,2019-01-29,0.4609310030937195,0.5270050168037415,0.4471099972724914,0.4950670003890991,0.4950670003890991,16365
EDRCoin USD,EDRC-USD,2019-01-30,0.4954690039157867,0.5343980193138123,0.4850029945373535,0.5254859924316406,0.5254859924316406,10955
EDRCoin USD,EDRC-USD,2019-01-31,0.5253390073776245,0.5860080122947693,0.5129299759864807,0.5710650086402893,0.5710650086402893,27379
EDRCoin USD,EDRC-USD,2019-02-01,0.5801860094070435,0.6873409748077393,0.5522950291633606,0.6270679831504822,0.6270679831504822,35420
EDRCoin USD,EDRC-USD,2019-02-02,0.6262760162353516,0.6504529714584351,0.5698210000991821,0.6480669975280762,0.6480669975280762,16971
EDRCoin USD,EDRC-USD,2019-02-03,0.6481959819793701,0.6514350175857544,0.6005160212516785,0.6006699800491333,0.6006699800491333,15318
EDRCoin USD,EDRC-USD,2019-02-04,0.6035270094871521,0.6358159780502319,0.5864859819412231,0.6302570104598999,0.6302570104598999,18334
EDRCoin USD,EDRC-USD,2019-02-05,0.6316549777984619,0.690267026424408,0.5962269902229309,0.6080759763717651,0.6080759763717651,16173
EDRCoin USD,EDRC-USD,2019-02-06,0.6101610064506531,0.6253349781036377,0.5818179845809937,0.6148830056190491,0.6148830056190491,11994
EDRCoin USD,EDRC-USD,2019-02-07,0.6149230003356934,0.6352229714393616,0.5955020189285278,0.6093109846115112,0.6093109846115112,10069
EDRCoin USD,EDRC-USD,2019-02-08,0.6094599962234497,0.6715760231018066,0.6066190004348755,0.6548619866371155,0.6548619866371155,21402
EDRCoin USD,EDRC-USD,2019-02-09,0.6548889875411987,0.6698989868164062,0.6205080151557922,0.6439610123634338,0.6439610123634338,13415
EDRCoin USD,EDRC-USD,2019-02-10,0.6446149945259094,0.6861109733581543,0.6352710127830505,0.6518200039863586,0.6518200039863586,22364
EDRCoin USD,EDRC-USD,2019-02-11,0.6497780084609985,0.6667400002479553,0.6414909958839417,0.6652719974517822,0.6652719974517822,17014
EDRCoin USD,EDRC-USD,2019-02-12,0.6665679812431335,0.6960440278053284,0.641855001449585,0.6700929999351501,0.6700929999351501,47465
EDRCoin USD,EDRC-USD,2019-02-13,0.6699060201644897,0.708541989326477,0.658653974533081,0.659197986125946,0.659197986125946,31898
EDRCoin USD,EDRC-USD,2019-02-14,0.6578440070152283,0.6676459908485413,0.5975750088691711,0.6532779932022095,0.6532779932022095,54275
EDRCoin USD,EDRC-USD,2019-02-15,0.6541010141372681,0.6594020128250122,0.6160420179367065,0.6527259945869446,0.6527259945869446,20226
EDRCoin USD,EDRC-USD,2019-02-16,0.6531739830970764,0.6639189720153809,0.6194180250167847,0.6520090103149414,0.6520090103149414,21553
EDRCoin USD,EDRC-USD,2019-02-17,0.6520569920539856,0.6935960054397583,0.6422209739685059,0.6836789846420288,0.6836789846420288,43592
EDRCoin USD,EDRC-USD,2019-02-18,0.6840609908103943,0.706915020942688,0.6412879824638367,0.6941919922828674,0.6941919922828674,48811
EDRCoin USD,EDRC-USD,2019-02-19,0.695019006729126,0.7189019918441772,0.664339005947113,0.7111690044403076,0.7111690044403076,27375
EDRCoin USD,EDRC-USD,2019-02-20,0.7106059789657593,0.7222489714622498,0.6809099912643433,0.7205470204353333,0.7205470204353333,36104
EDRCoin USD,EDRC-USD,2019-02-21,0.7202810049057007,0.7316319942474365,0.6989330053329468,0.7079160213470459,0.7079160213470459,26316
EDRCoin USD,EDRC-USD,2019-02-22,0.7066760063171387,0.731473982334137,0.7066760063171387,0.7299690246582031,0.7299690246582031,29501
EDRCoin USD,EDRC-USD,2019-02-23,0.7286850214004517,0.7521250247955322,0.6959180235862732,0.7442229986190796,0.7442229986190796,22941
EDRCoin USD,EDRC-USD,2019-02-24,0.7458159923553467,0.7757390141487122,0.6580849885940552,0.6774140000343323,0.6774140000343323,40842
EDRCoin USD,EDRC-USD,2019-02-25,0.6684799790382385,0.7052909731864929,0.6684799790382385,0.7037349939346313,0.7037349939346313,38283
EDRCoin USD,EDRC-USD,2019-02-26,0.7016220092773438,0.715624988079071,0.6899279952049255,0.701179027557373,0.701179027557373,19825
EDRCoin USD,EDRC-USD,2019-02-27,0.7018110156059265,0.7413610219955444,0.6980509757995605,0.7373650074005127,0.7373650074005127,29825
EDRCoin USD,EDRC-USD,2019-02-28,0.7424330115318298,0.7460770010948181,0.710440993309021,0.7170699834823608,0.7170699834823608,21520
EDRCoin USD,EDRC-USD,2019-03-01,0.7266049981117249,0.7802990078926086,0.7152730226516724,0.7697769999504089,0.7697769999504089,48227
EDRCoin USD,EDRC-USD,2019-03-02,0.7683020234107971,0.9163150191307068,0.7556189894676208,0.8828129768371582,0.8828129768371582,87994
EDRCoin USD,EDRC-USD,2019-03-03,0.8816739916801453,0.8853930234909058,0.7325819730758667,0.809283971786499,0.809283971786499,58648
EDRCoin USD,EDRC-USD,2019-03-04,0.8079119920730591,0.8531789779663086,0.7534250020980835,0.8524479866027832,0.8524479866027832,35401
EDRCoin USD,EDRC-USD,2019-03-05,0.8422030210494995,0.8753910064697266,0.7734580039978027,0.8581629991531372,0.8581629991531372,50055
EDRCoin USD,EDRC-USD,2019-03-06,0.8568519949913025,0.8599249720573425,0.8072140216827393,0.8376290202140808,0.8376290202140808,36619
EDRCoin USD,EDRC-USD,2019-03-07,0.8377060294151306,0.8589149713516235,0.8228769898414612,0.834854006767273,0.834854006767273,49601
EDRCoin USD,EDRC-USD,2019-03-08,0.8358039855957031,0.8602830171585083,0.8191729784011841,0.8299570083618164,0.8299570083618164,39439
EDRCoin USD,EDRC-USD,2019-03-09,0.8293759822845459,0.8504440188407898,0.8229129910469055,0.8446199893951416,0.8446199893951416,45128
EDRCoin USD,EDRC-USD,2019-03-10,0.845920979976654,0.8708239793777466,0.8311330080032349,0.8484140038490295,0.8484140038490295,40476
EDRCoin USD,EDRC-USD,2019-03-11,0.8489999771118164,0.8722169995307922,0.8471829891204834,0.8658639788627625,0.8658639788627625,49186
EDRCoin USD,EDRC-USD,2019-03-12,0.8668439984321594,0.8795199990272522,0.8525009751319885,0.8629710078239441,0.8629710078239441,40325
EDRCoin USD,EDRC-USD,2019-03-13,0.8705559968948364,0.8954100012779236,0.8615949749946594,0.8855419754981995,0.8855419754981995,66430
EDRCoin USD,EDRC-USD,2019-03-14,0.8852540254592896,0.8956140279769897,0.8351510167121887,0.8901699781417847,0.8901699781417847,53256
EDRCoin USD,EDRC-USD,2019-03-15,0.888001024723053,0.9753829836845398,0.888001024723053,0.9601709842681884,0.9601709842681884,84150
EDRCoin USD,EDRC-USD,2019-03-16,0.9599739909172058,0.9973610043525696,0.93859601020813,0.9858109951019288,0.9858109951019288,47747
EDRCoin USD,EDRC-USD,2019-03-17,0.9859439730644226,1.0838329792022705,0.9745180010795592,1.0474050045013428,1.0474050045013428,86989
EDRCoin USD,EDRC-USD,2019-03-18,1.0483030080795288,1.065837025642395,0.9873290061950684,1.0483959913253784,1.0483959913253784,63909
EDRCoin USD,EDRC-USD,2019-03-19,1.0198030471801758,1.054824948310852,1.019683003425598,1.0421099662780762,1.0421099662780762,72038
EDRCoin USD,EDRC-USD,2019-03-20,1.042799949645996,1.0876790285110474,1.0309900045394895,1.0522810220718384,1.0522810220718384,58877
EDRCoin USD,EDRC-USD,2019-03-21,1.0538480281829834,1.0697319507598877,1.0337029695510864,1.0393589735031128,1.0393589735031128,60014
EDRCoin USD,EDRC-USD,2019-03-22,1.0383700132369995,1.1123909950256348,1.0383700132369995,1.085945963859558,1.085945963859558,48940
EDRCoin USD,EDRC-USD,2019-03-23,1.0851739645004272,1.1283570528030396,1.0723639726638794,1.1266210079193115,1.1266210079193115,77309
EDRCoin USD,EDRC-USD,2019-03-24,1.1293270587921145,1.195786952972412,1.115625023841858,1.142048954963684,1.142048954963684,75476
EDRCoin USD,EDRC-USD,2019-03-25,1.1577520370483398,1.2418429851531982,1.1434890031814575,1.194200038909912,1.194200038909912,79165
EDRCoin USD,EDRC-USD,2019-03-26,1.1896990537643433,1.2689919471740725,1.1886450052261353,1.2577589750289917,1.2577589750289917,96655
EDRCoin USD,EDRC-USD,2019-03-27,1.2584370374679563,1.4389950037002563,1.253147006034851,1.383738994598389,1.383738994598389,94935
EDRCoin USD,EDRC-USD,2019-03-28,1.383738994598389,1.7888749837875366,1.3604880571365356,1.624295949935913,1.624295949935913,255069
EDRCoin USD,EDRC-USD,2019-03-29,1.624295949935913,1.8307180404663088,1.5121920108795166,1.5759689807891846,1.5759689807891846,233636
EDRCoin USD,EDRC-USD,2019-03-30,1.5727930068969729,1.908066987991333,1.4395380020141602,1.725594997406006,1.725594997406006,177117
EDRCoin USD,EDRC-USD,2019-03-31,1.725594997406006,1.811030030250549,1.7091959714889526,1.7839139699935913,1.7839139699935913,128399
EDRCoin USD,EDRC-USD,2019-04-01,1.783126950263977,1.8345249891281128,1.7729929685592651,1.8216899633407595,1.8216899633407595,120301
EDRCoin USD,EDRC-USD,2019-04-02,1.8232899904251096,2.186269998550415,1.8225250244140625,2.1725049018859863,2.1725049018859863,143235
EDRCoin USD,EDRC-USD,2019-04-03,2.1736600399017334,2.3800389766693115,2.167509078979492,2.1960220336914062,2.1960220336914062,161563
EDRCoin USD,EDRC-USD,2019-04-04,2.1971731185913086,2.2684240341186523,2.084604024887085,2.107460021972656,2.107460021972656,128719
EDRCoin USD,EDRC-USD,2019-04-05,2.1073429584503174,2.2659249305725098,2.082787036895752,2.2400290966033936,2.2400290966033936,125022
EDRCoin USD,EDRC-USD,2019-04-06,2.2405850887298584,2.28279709815979,2.1576390266418457,2.2308199405670166,2.2308199405670166,124045
EDRCoin USD,EDRC-USD,2019-04-07,2.228562116622925,2.266266107559204,1.6897389888763428,2.066423892974853,2.066423892974853,143638
EDRCoin USD,EDRC-USD,2019-04-08,2.066800117492676,2.089869976043701,1.6955209970474243,1.7652939558029177,1.7652939558029177,150840
EDRCoin USD,EDRC-USD,2019-04-09,1.7652939558029177,1.8391640186309808,1.3587770462036133,1.5119919776916504,1.5119919776916504,113962
EDRCoin USD,EDRC-USD,2019-04-10,1.5115599632263184,1.586851954460144,1.4718290567398071,1.525001049041748,1.525001049041748,85112
EDRCoin USD,EDRC-USD,2019-04-11,1.5257240533828735,1.688750982284546,1.2767959833145142,1.6871709823608398,1.6871709823608398,185581
EDRCoin USD,EDRC-USD,2019-04-12,1.6871709823608398,2.053157091140747,1.653296947479248,1.838052988052368,1.838052988052368,157793
EDRCoin USD,EDRC-USD,2019-04-13,1.83782696723938,1.8394670486450195,1.596055030822754,1.763903021812439,1.763903021812439,123327
EDRCoin USD,EDRC-USD,2019-04-14,1.763903021812439,1.767359972000122,1.5783419609069824,1.656393051147461,1.656393051147461,60150
EDRCoin USD,EDRC-USD,2019-04-15,1.656393051147461,1.6577279567718506,1.2905720472335815,1.4647140502929688,1.4647140502929688,129500
EDRCoin USD,EDRC-USD,2019-04-16,1.4646999835968018,1.509619951248169,0.8829410076141357,1.1916639804840088,1.1916639804840088,224048
EDRCoin USD,EDRC-USD,2019-04-17,1.1911580562591553,1.2920889854431152,1.0718369483947754,1.1297160387039185,1.1297160387039185,74362
EDRCoin USD,EDRC-USD,2019-04-18,1.1297320127487185,1.1911380290985107,1.0587730407714844,1.0651140213012695,1.0651140213012695,110424
EDRCoin USD,EDRC-USD,2019-04-19,1.065071940422058,1.0652309656143188,0.8595259785652161,1.0192309617996216,1.0192309617996216,159588
EDRCoin USD,EDRC-USD,2019-04-20,1.0195640325546265,1.104364037513733,0.9048839807510376,0.9471750259399414,0.9471750259399414,89140
EDRCoin USD,EDRC-USD,2019-04-21,0.9471750259399414,0.9586449861526488,0.8663250207901001,0.8749729990959167,0.8749729990959167,106759
EDRCoin USD,EDRC-USD,2019-04-22,0.8745369911193848,0.9106699824333192,0.8352169990539551,0.8487480282783508,0.8487480282783508,78097
EDRCoin USD,EDRC-USD,2019-04-23,0.8487480282783508,0.8790450096130371,0.5773860216140747,0.6818429827690125,0.6818429827690125,96192
EDRCoin USD,EDRC-USD,2019-04-24,0.6818429827690125,0.9219200015068054,0.6165469884872437,0.8490219712257385,0.8490219712257385,71594
EDRCoin USD,EDRC-USD,2019-04-25,0.8491079807281494,0.9359440207481384,0.8241159915924072,0.8391600251197815,0.8391600251197815,95649
EDRCoin USD,EDRC-USD,2019-04-26,0.8419619798660278,0.8984040021896362,0.6926299929618835,0.8409249782562256,0.8409249782562256,72956
EDRCoin USD,EDRC-USD,2019-04-27,0.8414379954338074,0.8862299919128418,0.8362169861793518,0.8511540293693542,0.8511540293693542,41331
EDRCoin USD,EDRC-USD,2019-04-28,0.8513129949569702,0.8607919812202454,0.742917001247406,0.8166660070419312,0.8166660070419312,56131
EDRCoin USD,EDRC-USD,2019-04-29,0.8171150088310242,0.8171150088310242,0.7311599850654602,0.7940099835395813,0.7940099835395813,61367
EDRCoin USD,EDRC-USD,2019-04-30,0.7940940260887146,0.8751199841499329,0.5222920179367065,0.8476579785346985,0.8476579785346985,97252
EDRCoin USD,EDRC-USD,2019-05-01,0.8475040197372437,0.857358992099762,0.6774420142173767,0.8573529720306396,0.8573529720306396,369
EDRCoin USD,EDRC-USD,2019-05-02,0.857617974281311,0.9369009733200072,0.7086089849472046,0.8753600120544434,0.8753600120544434,193
EDRCoin USD,EDRC-USD,2019-05-03,0.875220000743866,0.99686598777771,0.8723189830780029,0.9164419770240784,0.9164419770240784,848
EDRCoin USD,EDRC-USD,2019-05-04,0.9164419770240784,0.9366250038146972,0.8950470089912415,0.8993390202522278,0.8993390202522278,0
EDRCoin USD,EDRC-USD,2019-05-05,0.8993390202522278,0.8993390202522278,0.8275899887084961,0.8415989875793457,0.8415989875793457,137
EDRCoin USD,EDRC-USD,2019-05-06,0.8411669731140137,0.8543769717216492,0.8212869763374329,0.845691978931427,0.845691978931427,67029
EDRCoin USD,EDRC-USD,2019-05-07,0.845441997051239,0.8835909962654114,0.6710770130157471,0.6715499758720398,0.6715499758720398,480
EDRCoin USD,EDRC-USD,2019-05-08,0.6706579923629761,0.9496700167655944,0.6651589870452881,0.946711003780365,0.946711003780365,254
EDRCoin USD,EDRC-USD,2019-05-09,0.946711003780365,0.9677219986915588,0.6017540097236633,0.8579300045967102,0.8579300045967102,1249
EDRCoin USD,EDRC-USD,2019-05-10,0.8575630187988281,0.8831130266189575,0.382064014673233,0.3822210133075714,0.3822210133075714,1683
EDRCoin USD,EDRC-USD,2019-05-11,0.3822210133075714,0.5287479758262634,0.2692219913005829,0.3439100086688995,0.3439100086688995,1662
EDRCoin USD,EDRC-USD,2019-05-12,0.3441750109195709,0.3454000055789947,0.1841859966516494,0.2437870055437088,0.2437870055437088,542
EDRCoin USD,EDRC-USD,2019-05-13,0.2437870055437088,0.268996000289917,0.1789080053567886,0.2264070063829422,0.2264070063829422,78
EDRCoin USD,EDRC-USD,2019-05-14,0.2265439927577972,0.2323029935359954,0.0963379964232444,0.1281850039958953,0.1281850039958953,355
EDRCoin USD,EDRC-USD,2019-05-15,0.1281120032072067,0.1880609989166259,0.0998499989509582,0.1870229989290237,0.1870229989290237,14623
EDRCoin USD,EDRC-USD,2019-05-16,0.1867579966783523,0.2319950014352798,0.1476410031318664,0.1847359985113144,0.1847359985113144,13342
EDRCoin USD,EDRC-USD,2019-05-17,0.1846649944782257,0.1884569972753524,0.1494390070438385,0.1596149951219558,0.1596149951219558,14245
EDRCoin USD,EDRC-USD,2019-05-18,0.1596149951219558,0.1825650036334991,0.1554169952869415,0.1742230057716369,0.1742230057716369,5769
EDRCoin USD,EDRC-USD,2019-05-19,0.1742949932813644,0.1850010007619857,0.1655990034341812,0.1766819953918457,0.1766819953918457,2597
EDRCoin USD,EDRC-USD,2019-05-20,0.1767019927501678,0.1792220026254654,0.1382839977741241,0.144564002752304,0.144564002752304,3474
EDRCoin USD,EDRC-USD,2019-05-21,0.1445350050926208,0.1452810019254684,0.1197080016136169,0.132094994187355,0.132094994187355,4714
EDRCoin USD,EDRC-USD,2019-05-22,0.1320690065622329,0.1398050040006637,0.1307960003614425,0.1346060037612915,0.1346060037612915,728
EDRCoin USD,EDRC-USD,2019-05-23,0.1346060037612915,0.1557690054178238,0.1332029998302459,0.1526769995689392,0.1526769995689392,1300
EDRCoin USD,EDRC-USD,2019-05-24,0.1527310013771057,0.1625930070877075,0.1263339966535568,0.1612530052661895,0.1612530052661895,4391
EDRCoin USD,EDRC-USD,2019-05-25,0.1612530052661895,0.2960300147533417,0.1407800018787384,0.1412619948387146,0.1412619948387146,21546
EDRCoin USD,EDRC-USD,2019-05-26,0.1412619948387146,0.2483119964599609,0.1412619948387146,0.2050970047712326,0.2050970047712326,11214
EDRCoin USD,EDRC-USD,2019-05-27,0.2051849961280822,0.2430830001831054,0.1826370060443878,0.2164669930934906,0.2164669930934906,16616
EDRCoin USD,EDRC-USD,2019-05-28,0.2163510024547577,0.2393330037593841,0.202017992734909,0.2081139981746673,0.2081139981746673,6098
EDRCoin USD,EDRC-USD,2019-05-29,0.2080660015344619,0.2133180052042007,0.1438159942626953,0.1595859974622726,0.1595859974622726,5804
EDRCoin USD,EDRC-USD,2019-05-30,0.1596029996871948,0.1878889948129654,0.1336160004138946,0.1375229954719543,0.1375229954719543,6308
EDRCoin USD,EDRC-USD,2019-05-31,0.1375229954719543,0.1966380029916763,0.0955580025911331,0.1963720023632049,0.1963720023632049,19798
EDRCoin USD,EDRC-USD,2019-06-01,0.1963369995355606,0.1968850046396255,0.1495909988880157,0.1533520072698593,0.1533520072698593,42975
EDRCoin USD,EDRC-USD,2019-06-02,0.1533520072698593,0.1603659987449646,0.1492570042610168,0.1584620028734207,0.1584620028734207,11944
EDRCoin USD,EDRC-USD,2019-06-03,0.158496007323265,0.158496007323265,0.1323920041322708,0.1332270056009292,0.1332270056009292,32121
EDRCoin USD,EDRC-USD,2019-06-04,0.1330650001764297,0.1330650001764297,0.1090319976210594,0.1143129989504814,0.1143129989504814,48704
EDRCoin USD,EDRC-USD,2019-06-05,0.1144739985466003,0.1167519986629486,0.1118070036172866,0.1138010025024414,0.1138010025024414,26545
EDRCoin USD,EDRC-USD,2019-06-06,0.1138129979372024,0.1429219990968704,0.1098039969801902,0.1429219990968704,0.1429219990968704,47260
EDRCoin USD,EDRC-USD,2019-06-07,0.1428200006484985,0.1459510028362274,0.1155399978160858,0.1199100017547607,0.1199100017547607,34073
EDRCoin USD,EDRC-USD,2019-06-08,0.119887001812458,0.1229709982872009,0.1115079969167709,0.1131919994950294,0.1131919994950294,46118
EDRCoin USD,EDRC-USD,2019-06-09,0.1131919994950294,0.1186029985547065,0.1089410036802291,0.1106839999556541,0.1106839999556541,42951
EDRCoin USD,EDRC-USD,2019-06-10,0.1104059964418411,0.1106690019369125,0.0880590006709098,0.0954509973526001,0.0954509973526001,31973
EDRCoin USD,EDRC-USD,2019-06-11,0.0955459997057914,0.0997459962964057,0.091789998114109,0.0985660031437873,0.0985660031437873,32194
EDRCoin USD,EDRC-USD,2019-06-12,0.0985660031437873,0.0998160019516944,0.0912109985947609,0.0941419973969459,0.0941419973969459,30914
EDRCoin USD,EDRC-USD,2019-06-13,0.0942080020904541,0.0998049974441528,0.0932189971208572,0.0959350019693374,0.0959350019693374,15483
EDRCoin USD,EDRC-USD,2019-06-14,0.096000999212265,0.1049669981002807,0.0942059978842735,0.1038009971380233,0.1038009971380233,23549
EDRCoin USD,EDRC-USD,2019-06-15,0.1038450002670288,0.1068399995565414,0.0997169986367225,0.1025110036134719,0.1025110036134719,33319
EDRCoin USD,EDRC-USD,2019-06-16,0.1025110036134719,0.112075001001358,0.1013090014457702,0.1038300022482872,0.1038300022482872,12906
EDRCoin USD,EDRC-USD,2019-06-17,0.1039199978113174,0.1061979979276657,0.0919909998774528,0.0998459979891777,0.0998459979891777,709
EDRCoin USD,EDRC-USD,2019-06-18,0.0998030006885528,0.100111000239849,0.0746690034866333,0.0753069967031478,0.0753069967031478,658
EDRCoin USD,EDRC-USD,2019-06-19,0.0753580033779144,0.0792960003018379,0.0670270025730133,0.0672139972448349,0.0672139972448349,579
EDRCoin USD,EDRC-USD,2019-06-20,0.0672010034322738,0.1006160005927085,0.0615510009229183,0.0818039998412132,0.0818039998412132,1982
EDRCoin USD,EDRC-USD,2019-06-21,0.0818630009889602,0.0920210033655166,0.0818530023097992,0.0908370018005371,0.0908370018005371,449
EDRCoin USD,EDRC-USD,2019-06-22,0.0908370018005371,0.0945139974355697,0.0762810036540031,0.0783130005002021,0.0783130005002021,287
EDRCoin USD,EDRC-USD,2019-06-23,0.0783260017633438,0.101683996617794,0.0782369971275329,0.0868780016899108,0.0868780016899108,1786
EDRCoin USD,EDRC-USD,2019-06-24,0.0868780016899108,0.0947659984230995,0.0849440023303031,0.086836002767086,0.086836002767086,346
EDRCoin USD,EDRC-USD,2019-06-25,0.0868609994649887,0.0951400026679039,0.0867870002985,0.0931150019168853,0.0931150019168853,24381
EDRCoin USD,EDRC-USD,2019-06-26,0.0931150019168853,0.096060000360012,0.0782100036740303,0.0843809992074966,0.0843809992074966,18451
EDRCoin USD,EDRC-USD,2019-06-27,0.0844179987907409,0.0875710025429725,0.0562149994075298,0.0658430010080337,0.0658430010080337,3753
EDRCoin USD,EDRC-USD,2019-06-28,0.0658430010080337,0.0724920034408569,0.0633220002055168,0.0672290027141571,0.0672290027141571,12558
EDRCoin USD,EDRC-USD,2019-06-29,0.067282997071743,0.067950002849102,0.0553740002214908,0.0575710013508796,0.0575710013508796,4293
EDRCoin USD,EDRC-USD,2019-06-30,0.0575239993631839,0.0661820024251937,0.0529100000858306,0.0529510006308555,0.0529510006308555,7026
EDRCoin USD,EDRC-USD,2019-07-01,0.0529510006308555,0.0647879987955093,0.0529510006308555,0.0599289983510971,0.0599289983510971,12306
EDRCoin USD,EDRC-USD,2019-07-02,0.059943001717329,0.0649480000138282,0.0529600009322166,0.0621289983391761,0.0621289983391761,12905
EDRCoin USD,EDRC-USD,2019-07-03,0.0621279999613761,0.0745609998703002,0.0608210004866123,0.0725750029087066,0.0725750029087066,15110
EDRCoin USD,EDRC-USD,2019-07-04,0.0725700035691261,0.0757559984922409,0.0685060024261474,0.0704059973359108,0.0704059973359108,14674
EDRCoin USD,EDRC-USD,2019-07-05,0.0703869983553886,0.0725969970226287,0.0674540027976036,0.0681419968605041,0.0681419968605041,12724
EDRCoin USD,EDRC-USD,2019-07-06,0.0681290030479431,0.0741200000047683,0.068012997508049,0.0711309984326362,0.0711309984326362,14775
EDRCoin USD,EDRC-USD,2019-07-07,0.0711309984326362,0.0719780027866363,0.0678099989891052,0.0696860030293464,0.0696860030293464,4168
EDRCoin USD,EDRC-USD,2019-07-08,0.0696849972009658,0.0710910037159919,0.0621570013463497,0.0697399973869323,0.0697399973869323,5233
EDRCoin USD,EDRC-USD,2019-07-09,0.0697669982910156,0.0900930017232894,0.0688389986753463,0.0761199966073036,0.0761199966073036,3189
EDRCoin USD,EDRC-USD,2019-07-10,0.0761179998517036,0.0820979997515678,0.0718090012669563,0.0738909989595413,0.0738909989595413,15297
EDRCoin USD,EDRC-USD,2019-07-11,0.0739009976387023,0.07498300075531,0.0622519999742507,0.0654890015721321,0.0654890015721321,14026
EDRCoin USD,EDRC-USD,2019-07-12,0.065540999174118,0.0663489997386932,0.0602470003068447,0.0647969990968704,0.0647969990968704,13933
EDRCoin USD,EDRC-USD,2019-07-13,0.0648220032453537,0.066100001335144,0.0606559999287128,0.0630830004811286,0.0630830004811286,3625
EDRCoin USD,EDRC-USD,2019-07-14,0.0631100013852119,0.0762329995632171,0.0509309992194175,0.0542909987270832,0.0542909987270832,5965
EDRCoin USD,EDRC-USD,2019-07-15,0.054322000592947,0.0592349991202354,0.0509740002453327,0.058067999780178,0.058067999780178,15978
EDRCoin USD,EDRC-USD,2019-07-16,0.0580100007355213,0.0592040009796619,0.050000000745058,0.0502680018544197,0.0502680018544197,12333
EDRCoin USD,EDRC-USD,2019-07-17,0.0501650013029575,0.0555219985544681,0.0492909997701644,0.0534159988164901,0.0534159988164901,14504
EDRCoin USD,EDRC-USD,2019-07-18,0.0534479990601539,0.0592669993638992,0.0515689998865127,0.0579730011522769,0.0579730011522769,17753
EDRCoin USD,EDRC-USD,2019-07-19,0.0579730011522769,0.0590739995241165,0.0557390004396438,0.0588210001587867,0.0588210001587867,18276
EDRCoin USD,EDRC-USD,2019-07-20,0.0588349997997283,0.0613260008394718,0.0571659989655017,0.0595769993960857,0.0595769993960857,18547
EDRCoin USD,EDRC-USD,2019-07-21,0.0595219992101192,0.0603809989988803,0.0565639995038509,0.0589810013771057,0.0589810013771057,17191
EDRCoin USD,EDRC-USD,2019-07-22,0.0589979998767375,0.0592949986457824,0.0552969984710216,0.0569490008056163,0.0569490008056163,17802
EDRCoin USD,EDRC-USD,2019-07-23,0.0569400005042552,0.0574700012803077,0.0540850013494491,0.0546640008687973,0.0546640008687973,16895
EDRCoin USD,EDRC-USD,2019-07-24,0.0546640008687973,0.0546640008687973,0.0399760007858276,0.0412160009145736,0.0412160009145736,12223
EDRCoin USD,EDRC-USD,2019-07-25,0.0411989986896514,0.0439149998128414,0.040897998958826,0.0429700016975402,0.0429700016975402,12817
EDRCoin USD,EDRC-USD,2019-07-26,0.0429559983313083,0.0448159985244274,0.0417549982666969,0.0442380011081695,0.0442380011081695,13613
EDRCoin USD,EDRC-USD,2019-07-27,0.0442380011081695,0.0456749983131885,0.0353530012071132,0.0392130017280578,0.0392130017280578,14024
EDRCoin USD,EDRC-USD,2019-07-28,0.0391750000417232,0.0520580001175403,0.0383110009133815,0.0513989999890327,0.0513989999890327,20743
EDRCoin USD,EDRC-USD,2019-07-29,0.0513960011303424,0.0855299979448318,0.051095999777317,0.0655379965901374,0.0655379965901374,12290
EDRCoin USD,EDRC-USD,2019-07-30,0.065540999174118,0.0843729972839355,0.0593269988894462,0.0605169981718063,0.0605169981718063,24080
EDRCoin USD,EDRC-USD,2019-07-31,0.0604970008134841,0.0787139981985092,0.0594139993190765,0.0781150013208389,0.0781150013208389,30023
EDRCoin USD,EDRC-USD,2019-08-01,0.0781529992818832,0.0848959982395172,0.075044997036457,0.0841289982199668,0.0841289982199668,25882
EDRCoin USD,EDRC-USD,2019-08-02,0.084146000444889,0.0936430022120475,0.0836229994893074,0.0896259993314743,0.0896259993314743,45751
EDRCoin USD,EDRC-USD,2019-08-03,0.0896050035953521,0.0956330001354217,0.0860000029206276,0.0923300012946128,0.0923300012946128,32993
EDRCoin USD,EDRC-USD,2019-08-04,0.092347003519535,0.0999680012464523,0.0885609984397888,0.0975589975714683,0.0975589975714683,39197
EDRCoin USD,EDRC-USD,2019-08-05,0.0975370034575462,0.1074820011854171,0.0966330021619796,0.0996889993548393,0.0996889993548393,51551
EDRCoin USD,EDRC-USD,2019-08-06,0.0995879992842674,0.1012649983167648,0.0927739962935447,0.0950729995965957,0.0950729995965957,25712
EDRCoin USD,EDRC-USD,2019-08-07,0.0950400009751319,0.1040050014853477,0.0949809998273849,0.1033800020813942,0.1033800020813942,56355
EDRCoin USD,EDRC-USD,2019-08-08,0.1033480018377304,0.1040529981255531,0.0923240035772323,0.0974659994244575,0.0974659994244575,45071
EDRCoin USD,EDRC-USD,2019-08-09,0.0974249988794326,0.0989639982581138,0.0818130001425743,0.0827710032463073,0.0827710032463073,30281
EDRCoin USD,EDRC-USD,2019-08-10,0.0827710032463073,0.0849549993872642,0.0797770023345947,0.0814789980649948,0.0814789980649948,39651
EDRCoin USD,EDRC-USD,2019-08-11,0.0814720019698143,0.0928649976849556,0.0785000026226043,0.0919359996914863,0.0919359996914863,42151
EDRCoin USD,EDRC-USD,2019-08-12,0.0919649973511695,0.0926679968833923,0.0703900009393692,0.0754790008068084,0.0754790008068084,31433
EDRCoin USD,EDRC-USD,2019-08-13,0.07549399882555,0.0766360014677047,0.0717509984970092,0.0730440020561218,0.0730440020561218,34107
EDRCoin USD,EDRC-USD,2019-08-14,0.0730419978499412,0.0809909999370575,0.0652149990200996,0.0658340007066726,0.0658340007066726,27235
EDRCoin USD,EDRC-USD,2019-08-15,0.0658340007066726,0.0901409983634948,0.0648799985647201,0.0886610001325607,0.0886610001325607,17721
EDRCoin USD,EDRC-USD,2019-08-16,0.0886730030179023,0.089647002518177,0.0813329964876174,0.0870359987020492,0.0870359987020492,29130
EDRCoin USD,EDRC-USD,2019-08-17,0.0870580002665519,0.0890140011906623,0.0629680007696151,0.0631939992308616,0.0631939992308616,22548
EDRCoin USD,EDRC-USD,2019-08-18,0.0632250010967254,0.064020998775959,0.0492420010268688,0.0492679998278617,0.0492679998278617,14117
EDRCoin USD,EDRC-USD,2019-08-19,0.0492670014500618,0.0674189999699592,0.0387100018560886,0.06734099984169,0.06734099984169,15948
EDRCoin USD,EDRC-USD,2019-08-20,0.06734099984169,0.0674970000982284,0.0413310006260871,0.043588001281023,0.043588001281023,15766
EDRCoin USD,EDRC-USD,2019-08-21,0.0435790009796619,0.0437159985303878,0.0382010005414485,0.0390780009329319,0.0390780009329319,9329
EDRCoin USD,EDRC-USD,2019-08-22,0.0390780009329319,0.0430429987609386,0.0373499989509582,0.043028000742197,0.043028000742197,2047
EDRCoin USD,EDRC-USD,2019-08-23,0.043028000742197,0.0675819963216781,0.0429710000753402,0.0547400005161762,0.0547400005161762,1560
EDRCoin USD,EDRC-USD,2019-08-24,0.0547319985926151,0.0571490004658699,0.0545930005609989,0.0559840016067028,0.0559840016067028,252
EDRCoin USD,EDRC-USD,2019-08-25,0.0559840016067028,0.0561250001192092,0.0528180003166198,0.0535449981689453,0.0535449981689453,28
EDRCoin USD,EDRC-USD,2019-08-26,0.0536190010607242,0.05570700019598,0.0410099998116493,0.0414780005812644,0.0414780005812644,5
EDRCoin USD,EDRC-USD,2019-08-27,0.041482999920845,0.0544579997658729,0.0407310016453266,0.0542009994387626,0.0542009994387626,67
EDRCoin USD,EDRC-USD,2019-08-28,0.0542099997401237,0.0684690028429031,0.0536540001630783,0.0649999976158142,0.0649999976158142,63
EDRCoin USD,EDRC-USD,2019-08-29,0.0650039985775947,0.0650039985775947,0.050340000540018,0.0517270006239414,0.0517270006239414,203
EDRCoin USD,EDRC-USD,2019-08-30,0.0517270006239414,0.0630490034818649,0.0482480004429817,0.0502660013735294,0.0502660013735294,195
EDRCoin USD,EDRC-USD,2019-08-31,0.0502920001745224,0.0708440020680427,0.0502710007131099,0.0670310035347938,0.0670310035347938,138
EDRCoin USD,EDRC-USD,2019-09-01,0.0670489966869354,0.0712940022349357,0.0646499991416931,0.0709670037031173,0.0709670037031173,27
EDRCoin USD,EDRC-USD,2019-09-02,0.0709730014204979,0.0711140036582946,0.0482559986412525,0.0504969991743564,0.0504969991743564,891
EDRCoin USD,EDRC-USD,2019-09-03,0.0505079999566078,0.0650589987635612,0.0412670001387596,0.0644479990005493,0.0644479990005493,11
EDRCoin USD,EDRC-USD,2019-09-04,0.0644290000200271,0.0644579976797103,0.055511999875307,0.0556939989328384,0.0556939989328384,14
EDRCoin USD,EDRC-USD,2019-09-05,0.0557020008563995,0.0558639988303184,0.0553020015358924,0.0553769990801811,0.0553769990801811,0
EDRCoin USD,EDRC-USD,2019-09-06,0.0553769990801811,0.0652950033545494,0.0488829985260963,0.0489579997956752,0.0489579997956752,222
EDRCoin USD,EDRC-USD,2019-09-07,0.0489760003983974,0.0517640002071857,0.0489230006933212,0.0516199991106987,0.0516199991106987,154
EDRCoin USD,EDRC-USD,2019-09-08,0.0515870004892349,0.0609159991145134,0.0474120005965232,0.0475700013339519,0.0475700013339519,927
EDRCoin USD,EDRC-USD,2019-09-09,0.047579001635313,0.0530950017273426,0.0450790002942085,0.0529050007462501,0.0529050007462501,252
EDRCoin USD,EDRC-USD,2019-09-10,0.0528899990022182,0.0688569992780685,0.0522629991173744,0.0619900003075599,0.0619900003075599,12
EDRCoin USD,EDRC-USD,2019-09-11,0.0619929991662502,0.0625519976019859,0.0485580004751682,0.0551539994776248,0.0551539994776248,180
EDRCoin USD,EDRC-USD,2019-09-12,0.0552049987018108,0.0599309988319873,0.0482640005648136,0.0539209991693496,0.0539209991693496,144
EDRCoin USD,EDRC-USD,2019-09-13,0.0539119988679885,0.2003339976072311,0.0530849993228912,0.1929789930582046,0.1929789930582046,142
EDRCoin USD,EDRC-USD,2019-09-14,0.1928689926862716,0.9272519946098328,0.0916630029678344,0.6475059986114502,0.6475059986114502,1671
EDRCoin USD,EDRC-USD,2019-09-15,0.6475380063056946,0.6487299799919128,0.0516370013356208,0.0548340007662773,0.0548340007662773,206
EDRCoin USD,EDRC-USD,2019-09-16,0.054832998663187,0.0630450025200843,0.0530960001051425,0.0536089986562728,0.0536089986562728,72
EDRCoin USD,EDRC-USD,2019-09-17,0.0536109991371631,0.0536219999194145,0.0483120009303092,0.0521349981427192,0.0521349981427192,178
EDRCoin USD,EDRC-USD,2019-09-18,0.0521580018103122,0.052386999130249,0.043198000639677,0.0462450012564659,0.0462450012564659,1033
EDRCoin USD,EDRC-USD,2019-09-19,0.0462779998779296,0.0463530011475086,0.0382760018110275,0.0459440015256404,0.0459440015256404,86
EDRCoin USD,EDRC-USD,2019-09-20,0.0460150018334388,0.0464800000190734,0.0386769995093345,0.0389119982719421,0.0389119982719421,11
EDRCoin USD,EDRC-USD,2019-09-21,0.0388940013945102,0.0421160012483596,0.0382299982011318,0.0419880002737045,0.0419880002737045,69
EDRCoin USD,EDRC-USD,2019-09-22,0.041992001235485,0.0423719994723796,0.0415580011904239,0.0423000007867813,0.0423000007867813,21
EDRCoin USD,EDRC-USD,2019-09-23,0.042298000305891,0.0458329990506172,0.0390280000865459,0.040837999433279,0.040837999433279,205
EDRCoin USD,EDRC-USD,2019-09-24,0.040837999433279,0.0461409986019134,0.0390559993684291,0.0427040010690689,0.0427040010690689,251
EDRCoin USD,EDRC-USD,2019-09-25,0.0427169986069202,0.0435720011591911,0.0334430001676082,0.0334430001676082,0.0334430001676082,85
EDRCoin USD,EDRC-USD,2019-09-26,0.0334430001676082,0.0584280006587505,0.0331650003790855,0.0493500009179115,0.0493500009179115,147
EDRCoin USD,EDRC-USD,2019-09-27,0.0493469983339309,0.049440998584032,0.0360389985144138,0.0373470000922679,0.0373470000922679,33
EDRCoin USD,EDRC-USD,2019-09-28,0.037346001714468,0.0375420004129409,0.0366959981620311,0.0367409996688365,0.0367409996688365,32
EDRCoin USD,EDRC-USD,2019-09-29,0.0367650017142295,0.0411869995296001,0.0361329987645149,0.0411290004849433,0.0411290004849433,41
EDRCoin USD,EDRC-USD,2019-09-30,0.0411229990422725,0.0411229990422725,0.0350910015404224,0.0393330007791519,0.0393330007791519,17
EDRCoin USD,EDRC-USD,2019-10-01,0.0393389984965324,0.0403579995036125,0.0180980004370212,0.0185439996421337,0.0185439996421337,153
EDRCoin USD,EDRC-USD,2019-10-02,0.0185490008443593,0.0218349993228912,0.0027179999742656,0.0216060001403093,0.0216060001403093,69
EDRCoin USD,EDRC-USD,2019-10-03,0.0215969998389482,0.0309229996055364,0.0215249992907047,0.0222900006920099,0.0222900006920099,5
EDRCoin USD,EDRC-USD,2019-10-04,0.0222909990698099,0.0311430003494024,0.0219880007207393,0.0310559999197721,0.0310559999197721,21
EDRCoin USD,EDRC-USD,2019-10-05,0.0309989992529153,0.0369529984891414,0.0308529995381832,0.0367060005664825,0.0367060005664825,230
EDRCoin USD,EDRC-USD,2019-10-06,0.0367030017077922,0.0367650017142295,0.0040710000321269,0.0157479997724294,0.0157479997724294,3
EDRCoin USD,EDRC-USD,2019-10-07,0.015727000311017,0.0322810001671314,0.0155859999358654,0.0316760018467903,0.0316760018467903,30
EDRCoin USD,EDRC-USD,2019-10-08,0.0316639989614486,0.0372029989957809,0.0183920003473758,0.0271049998700618,0.0271049998700618,95
EDRCoin USD,EDRC-USD,2019-10-09,0.0271049998700618,0.0359180010855197,0.0085330000147223,0.0357300005853176,0.0357300005853176,6
EDRCoin USD,EDRC-USD,2019-10-10,0.0357370004057884,0.1778579950332641,0.0340580008924007,0.177373006939888,0.177373006939888,343
EDRCoin USD,EDRC-USD,2019-10-11,0.1774230003356933,0.1795549988746643,0.1444039940834045,0.1444099992513656,0.1444099992513656,412
EDRCoin USD,EDRC-USD,2019-10-12,0.1444900035858154,0.1763380020856857,0.1444540023803711,0.1754689961671829,0.1754689961671829,0
EDRCoin USD,EDRC-USD,2019-10-13,0.1754689961671829,0.1754689961671829,0.0347709991037845,0.0355729982256889,0.0355729982256889,16
EDRCoin USD,EDRC-USD,2019-10-14,0.0355729982256889,0.0357370004057884,0.0333589985966682,0.0336540006101131,0.0336540006101131,29
EDRCoin USD,EDRC-USD,2019-10-15,0.0336790010333061,0.0340549983084201,0.0250410009175539,0.028346000239253,0.028346000239253,16
EDRCoin USD,EDRC-USD,2019-10-16,0.0283429995179176,0.0561459995806217,0.0261419992893934,0.0554599985480308,0.0554599985480308,6866
EDRCoin USD,EDRC-USD,2019-10-17,0.0554709993302822,0.0656889975070953,0.0506150014698505,0.0656849965453147,0.0656849965453147,3608
EDRCoin USD,EDRC-USD,2019-10-18,0.0656849965453147,0.1034900024533271,0.0631520003080368,0.098301000893116,0.098301000893116,8654
EDRCoin USD,EDRC-USD,2019-10-19,0.0982849970459938,0.0982989966869354,0.0677430033683776,0.0799449980258941,0.0799449980258941,18901
EDRCoin USD,EDRC-USD,2019-10-20,0.0799229964613914,0.0912059992551803,0.0788749977946281,0.0904539972543716,0.0904539972543716,15717
EDRCoin USD,EDRC-USD,2019-10-21,0.0904660001397132,0.0912080034613609,0.0903540030121803,0.090828999876976,0.090828999876976,0
EDRCoin USD,EDRC-USD,2019-10-22,0.090828999876976,0.090828999876976,0.090828999876976,0.090828999876976,0.090828999876976,0
EDRCoin USD,EDRC-USD,2019-10-23,0.090828999876976,0.090828999876976,0.090828999876976,0.090828999876976,0.090828999876976,0
EDRCoin USD,EDRC-USD,2019-10-24,0.090828999876976,0.090828999876976,0.090828999876976,0.090828999876976,0.090828999876976,0
EDRCoin USD,EDRC-USD,2019-10-25,0.090828999876976,0.090828999876976,0.0796009972691536,0.0867369994521141,0.0867369994521141,8268
EDRCoin USD,EDRC-USD,2019-10-26,0.0866969972848892,0.0926539972424507,0.0797289982438087,0.0925230011343956,0.0925230011343956,18786
EDRCoin USD,EDRC-USD,2019-10-27,0.0925159975886344,0.0963020026683807,0.0857260003685951,0.0877220034599304,0.0877220034599304,4158
EDRCoin USD,EDRC-USD,2019-10-28,0.0876619964838028,0.0974780023097992,0.0850789994001388,0.089767999947071,0.089767999947071,13588
EDRCoin USD,EDRC-USD,2019-10-29,0.0897839963436126,0.0923940017819404,0.0666820034384727,0.0682710036635398,0.0682710036635398,14982
EDRCoin USD,EDRC-USD,2019-10-30,0.0683100000023841,0.0840239971876144,0.0677639991044998,0.081385001540184,0.081385001540184,10
EDRCoin USD,EDRC-USD,2019-10-31,0.0813710018992424,0.0849590003490448,0.0607419982552528,0.0618220008909702,0.0618220008909702,162
EDRCoin USD,EDRC-USD,2019-11-01,0.0617929995059967,0.0627579987049102,0.0599000006914138,0.06266800314188,0.06266800314188,283
EDRCoin USD,EDRC-USD,2019-11-02,0.0626439973711967,0.0627729967236518,0.0463560000061988,0.0468359999358654,0.0468359999358654,108
EDRCoin USD,EDRC-USD,2019-11-03,0.0468389987945556,0.0538120009005069,0.0456020012497901,0.0459799990057945,0.0459799990057945,24
EDRCoin USD,EDRC-USD,2019-11-04,0.0459269993007183,0.0462169982492923,0.0448580011725425,0.0457670018076896,0.0457670018076896,37
EDRCoin USD,EDRC-USD,2019-11-05,0.0457670018076896,0.0460060015320777,0.0449450016021728,0.0452560000121593,0.0452560000121593,0
EDRCoin USD,EDRC-USD,2019-11-06,0.0452560000121593,0.0459210015833377,0.0452560000121593,0.0455529987812042,0.0455529987812042,55
EDRCoin USD,EDRC-USD,2019-11-07,0.0455720014870166,0.0456519983708858,0.0449599996209144,0.0450019985437393,0.0450019985437393,0
EDRCoin USD,EDRC-USD,2019-11-08,0.0450019985437393,0.0450019985437393,0.0450019985437393,0.0450019985437393,0.0450019985437393,0
EDRCoin USD,EDRC-USD,2019-11-09,0.0450019985437393,0.0450019985437393,0.0443659983575344,0.0444660000503063,0.0444660000503063,1
EDRCoin USD,EDRC-USD,2019-11-10,0.0444490015506744,0.0447070002555847,0.0432180017232894,0.0443830005824565,0.0443830005824565,44
EDRCoin USD,EDRC-USD,2019-11-11,0.0443830005824565,0.0444930009543895,0.0429459996521472,0.0443320013582706,0.0443320013582706,46
EDRCoin USD,EDRC-USD,2019-11-12,0.0443350002169609,0.046153999865055,0.0396980009973049,0.0400080010294914,0.0400080010294914,28
EDRCoin USD,EDRC-USD,2019-11-13,0.0400170013308525,0.0423449985682964,0.0396090000867843,0.0397249981760978,0.0397249981760978,154
EDRCoin USD,EDRC-USD,2019-11-14,0.0397249981760978,0.0422249995172023,0.0396399982273578,0.0415140017867088,0.0415140017867088,3
EDRCoin USD,EDRC-USD,2019-11-15,0.0415740013122558,0.0428039990365505,0.0388230010867118,0.0388559997081756,0.0388559997081756,7
EDRCoin USD,EDRC-USD,2019-11-16,0.038867998868227,0.0432269982993602,0.0387630015611648,0.0429150015115737,0.0429150015115737,8
EDRCoin USD,EDRC-USD,2019-11-17,0.0429150015115737,0.0755209997296333,0.042688000947237,0.0572229996323585,0.0572229996323585,13407
EDRCoin USD,EDRC-USD,2019-11-18,0.0572389997541904,0.0690959990024566,0.0392189994454383,0.0416840016841888,0.0416840016841888,6866
EDRCoin USD,EDRC-USD,2019-11-19,0.0416840016841888,0.0460320003330707,0.0388519987463951,0.0411069989204406,0.0411069989204406,5771
EDRCoin USD,EDRC-USD,2019-11-20,0.0411069989204406,0.0515259988605976,0.0392200015485286,0.0463580004870891,0.0463580004870891,6189
EDRCoin USD,EDRC-USD,2019-11-21,0.0463070012629032,0.048200998455286,0.0423929989337921,0.0450699999928474,0.0450699999928474,6721
EDRCoin USD,EDRC-USD,2019-11-22,0.0450699999928474,0.0453820005059242,0.0381460003554821,0.0427789986133575,0.0427789986133575,3446
EDRCoin USD,EDRC-USD,2019-11-23,0.0427789986133575,0.0427870005369186,0.031734000891447,0.0362470000982284,0.0362470000982284,7447
EDRCoin USD,EDRC-USD,2019-11-24,0.0362470000982284,0.0427320003509521,0.0280809998512268,0.0280809998512268,0.0280809998512268,6098
EDRCoin USD,EDRC-USD,2019-11-25,0.0280889999121427,0.0288089998066425,0.0258389990776777,0.0276900008320808,0.0276900008320808,943
EDRCoin USD,EDRC-USD,2019-11-26,0.0276900008320808,0.0299490001052618,0.0212680008262395,0.0221490003168582,0.0221490003168582,640
EDRCoin USD,EDRC-USD,2019-11-27,0.0219059996306896,0.026367999613285,0.0217080004513263,0.0244500003755092,0.0244500003755092,192
EDRCoin USD,EDRC-USD,2019-11-28,0.0244549997150897,0.0258799996227026,0.0230279993265867,0.0254170000553131,0.0254170000553131,59
EDRCoin USD,EDRC-USD,2019-11-29,0.0254170000553131,0.0259530004113912,0.0244919992983341,0.0247460007667541,0.0247460007667541,49
EDRCoin USD,EDRC-USD,2019-11-30,0.0247460007667541,0.0249780006706714,0.0151410000398755,0.0201849993318319,0.0201849993318319,471
EDRCoin USD,EDRC-USD,2019-12-01,0.0201890002936124,0.0201890002936124,0.0142649998888373,0.0177289992570877,0.0177289992570877,116
EDRCoin USD,EDRC-USD,2019-12-02,0.0177280008792877,0.0178720001131296,0.0138529995456337,0.0146190002560615,0.0146190002560615,846
EDRCoin USD,EDRC-USD,2019-12-03,0.0146190002560615,0.0171150006353855,0.0144959995523095,0.0165890008211135,0.0165890008211135,8
EDRCoin USD,EDRC-USD,2019-12-04,0.0165880005806684,0.0187160000205039,0.0162589997053146,0.0163310002535581,0.0163310002535581,12
EDRCoin USD,EDRC-USD,2019-12-05,0.0163010004907846,0.0211800001561641,0.0162499994039535,0.0210880003869533,0.0210880003869533,243
EDRCoin USD,EDRC-USD,2019-12-06,0.0210870001465082,0.025144999846816,0.0165020003914833,0.0168340001255273,0.0168340001255273,392
EDRCoin USD,EDRC-USD,2019-12-07,0.0168340001255273,0.0202900003641843,0.0167759992182254,0.0178909990936517,0.0178909990936517,3
EDRCoin USD,EDRC-USD,2019-12-08,0.0178909990936517,0.0179280005395412,0.0158259999006986,0.0158810000866651,0.0158810000866651,16
EDRCoin USD,EDRC-USD,2019-12-09,0.0158769991248846,0.0179990008473396,0.015769999474287,0.0174560006707906,0.0174560006707906,3
EDRCoin USD,EDRC-USD,2019-12-10,0.0174540001899003,0.0177779998630285,0.015506999567151,0.0176170002669096,0.0176170002669096,10
EDRCoin USD,EDRC-USD,2019-12-11,0.0176170002669096,0.0185599997639656,0.017382999882102,0.0182499997317791,0.0182499997317791,140
EDRCoin USD,EDRC-USD,2019-12-12,0.0182499997317791,0.0185240004211664,0.0172460004687309,0.0184710007160902,0.0184710007160902,65
EDRCoin USD,EDRC-USD,2019-12-13,0.0184679999947547,0.0186689998954534,0.0177459996193647,0.0177979990839958,0.0177979990839958,7
EDRCoin USD,EDRC-USD,2019-12-14,0.0177979990839958,0.0181699991226196,0.0177129991352558,0.0177549999207258,0.0177549999207258,8
EDRCoin USD,EDRC-USD,2019-12-15,0.0177469998598098,0.0178919993340969,0.0157849993556737,0.0158730000257492,0.0158730000257492,57
EDRCoin USD,EDRC-USD,2019-12-16,0.0158740002661943,0.0159179996699094,0.0147569999098777,0.014826999977231,0.014826999977231,1
EDRCoin USD,EDRC-USD,2019-12-17,0.014826999977231,0.0175589993596076,0.0147770000621676,0.0158569999039173,0.0158569999039173,43
EDRCoin USD,EDRC-USD,2019-12-18,0.0158569999039173,0.0182700008153915,0.0145920002833008,0.0165589991956949,0.0165589991956949,68
EDRCoin USD,EDRC-USD,2019-12-19,0.0165589991956949,0.0166929997503757,0.0159709993749856,0.0162279997020959,0.0162279997020959,0
EDRCoin USD,EDRC-USD,2019-12-20,0.0162279997020959,0.0162279997020959,0.0162279997020959,0.0162279997020959,0.0162279997020959,0
EDRCoin USD,EDRC-USD,2019-12-21,0.0162279997020959,0.0162279997020959,0.0162279997020959,0.0162279997020959,0.0162279997020959,0
EDRCoin USD,EDRC-USD,2019-12-22,0.0162279997020959,0.0162279997020959,0.0162279997020959,0.0162279997020959,0.0162279997020959,0
EDRCoin USD,EDRC-USD,2019-12-23,0.0162279997020959,0.0210270006209611,0.0162279997020959,0.0182399991899728,0.0182399991899728,8
EDRCoin USD,EDRC-USD,2019-12-24,0.0182390008121728,0.0186269991099834,0.0180649999529123,0.0181699991226196,0.0181699991226196,0
EDRCoin USD,EDRC-USD,2019-12-25,0.0181699991226196,0.0181699991226196,0.0173860006034374,0.0175439994782209,0.0175439994782209,4
EDRCoin USD,EDRC-USD,2019-12-26,0.0175439994782209,0.0185610000044107,0.0174710005521774,0.0181629993021488,0.0181629993021488,1
EDRCoin USD,EDRC-USD,2019-12-27,0.0181629993021488,0.025000000372529,0.0180300008505582,0.0196739993989467,0.0196739993989467,54
EDRCoin USD,EDRC-USD,2019-12-28,0.0196790006011724,0.0205090008676052,0.0156490001827478,0.0169600006192922,0.0169600006192922,37
EDRCoin USD,EDRC-USD,2019-12-29,0.0169639997184276,0.0173979997634887,0.0169210005551576,0.0170740000903606,0.0170740000903606,40
EDRCoin USD,EDRC-USD,2019-12-30,0.0170740000903606,0.0178529992699623,0.0169380009174346,0.0175080001354217,0.0175080001354217,51
EDRCoin USD,EDRC-USD,2019-12-31,0.0174969993531703,0.0227690003812313,0.0174119994044303,0.0223050005733966,0.0223050005733966,281
EDRCoin USD,EDRC-USD,2020-01-01,0.0223050005733966,0.0224239993840456,0.0195330008864402,0.0195879992097616,0.0195879992097616,158
EDRCoin USD,EDRC-USD,2020-01-02,0.0195870008319616,0.0215370003134012,0.0193649996072053,0.0209500007331371,0.0209500007331371,30
EDRCoin USD,EDRC-USD,2020-01-03,0.0209539998322725,0.0218439996242523,0.0186190009117126,0.0188059993088245,0.0188059993088245,5
EDRCoin USD,EDRC-USD,2020-01-04,0.0187899991869926,0.021968999877572,0.0180939994752407,0.0185400005429983,0.0185400005429983,29
EDRCoin USD,EDRC-USD,2020-01-05,0.0185250006616115,0.0189229995012283,0.0184840001165866,0.0185260009020566,0.0185260009020566,6
EDRCoin USD,EDRC-USD,2020-01-06,0.0185260009020566,0.0191610008478164,0.0175689999014139,0.018105000257492,0.018105000257492,52
EDRCoin USD,EDRC-USD,2020-01-07,0.0181019995361566,0.0185839999467134,0.016534000635147,0.0172240007668733,0.0172240007668733,112
EDRCoin USD,EDRC-USD,2020-01-08,0.0172279998660087,0.017740000039339,0.0167699996381998,0.0170479994267225,0.0170479994267225,60
EDRCoin USD,EDRC-USD,2020-01-09,0.0170200001448392,0.0170590002089738,0.0165160000324249,0.0166260004043579,0.0166260004043579,29
EDRCoin USD,EDRC-USD,2020-01-10,0.0166069995611906,0.0166829992085695,0.0155800003558397,0.0164269991219043,0.0164269991219043,1
EDRCoin USD,EDRC-USD,2020-01-11,0.0164310000836849,0.0175080001354217,0.0161129999905824,0.0171099994331598,0.0171099994331598,147
EDRCoin USD,EDRC-USD,2020-01-12,0.0171060003340244,0.0176730006933212,0.0170409996062517,0.0176190007477998,0.0176190007477998,1
EDRCoin USD,EDRC-USD,2020-01-13,0.0176270008087158,0.0176350008696317,0.0163070000708103,0.0164439994841814,0.0164439994841814,15
EDRCoin USD,EDRC-USD,2020-01-14,0.0164609998464584,0.0212079994380474,0.0164219997823238,0.0210619997233152,0.0210619997233152,74
EDRCoin USD,EDRC-USD,2020-01-15,0.0210289992392063,0.0212079994380474,0.0175059996545314,0.0177369993180036,0.0177369993180036,55
EDRCoin USD,EDRC-USD,2020-01-16,0.0177410002797842,0.0201999992132186,0.0173189993947744,0.0201660003513097,0.0201660003513097,60
EDRCoin USD,EDRC-USD,2020-01-17,0.0201670005917549,0.0207180008292198,0.0200520008802413,0.0205249991267919,0.0205249991267919,0
EDRCoin USD,EDRC-USD,2020-01-18,0.0205249991267919,0.0206029992550611,0.0203949995338916,0.0205429997295141,0.0205429997295141,2
EDRCoin USD,EDRC-USD,2020-01-19,0.0205409992486238,0.021043000742793,0.0174940004944801,0.0176810007542371,0.0176810007542371,1
EDRCoin USD,EDRC-USD,2020-01-20,0.017680000513792,0.0177309997379779,0.0153350001201033,0.0153949996456503,0.0153949996456503,34
EDRCoin USD,EDRC-USD,2020-01-21,0.0153890000656247,0.0170000009238719,0.0153599996119737,0.0169709995388984,0.0169709995388984,2
EDRCoin USD,EDRC-USD,2020-01-22,0.0169619992375373,0.0170579999685287,0.0156079996377229,0.0157120004296302,0.0157120004296302,6
EDRCoin USD,EDRC-USD,2020-01-23,0.0157140009105205,0.0191549994051456,0.0150349996984004,0.0151350004598498,0.0151350004598498,19
EDRCoin USD,EDRC-USD,2020-01-24,0.0151530001312494,0.017137000337243,0.0145110003650188,0.014538999646902,0.014538999646902,54
EDRCoin USD,EDRC-USD,2020-01-25,0.0145380003377795,0.0148160001263022,0.0142569998279213,0.0147110000252723,0.0147110000252723,5
EDRCoin USD,EDRC-USD,2020-01-26,0.014708999544382,0.0184979997575283,0.0146350003778934,0.0178939998149871,0.0178939998149871,37
EDRCoin USD,EDRC-USD,2020-01-27,0.0179050005972385,0.0186550002545118,0.0178950000554323,0.018580000847578,0.018580000847578,0
EDRCoin USD,EDRC-USD,2020-01-28,0.018580000847578,0.020066000521183,0.018580000847578,0.020066000521183,0.020066000521183,3
EDRCoin USD,EDRC-USD,2020-01-29,0.0200740005820989,0.0201140008866786,0.0167870000004768,0.0189149994403123,0.0189149994403123,11
EDRCoin USD,EDRC-USD,2020-01-30,0.0189009997993707,0.0190760008990764,0.0164289996027946,0.0168609991669654,0.0168609991669654,8
EDRCoin USD,EDRC-USD,2020-01-31,0.0168600007891654,0.0168699994683265,0.0163390003144741,0.0165439993143081,0.0165439993143081,14
EDRCoin USD,EDRC-USD,2020-02-01,0.0165439993143081,0.0167330000549554,0.0161169990897178,0.0162540003657341,0.0162540003657341,1
EDRCoin USD,EDRC-USD,2020-02-02,0.0162519998848438,0.0179830007255077,0.0159540008753538,0.017765000462532,0.017765000462532,5
EDRCoin USD,EDRC-USD,2020-02-03,0.017765000462532,0.0181590002030134,0.0162230003625154,0.016279999166727,0.016279999166727,2
EDRCoin USD,EDRC-USD,2020-02-04,0.016279999166727,0.0163460001349449,0.0154980001971125,0.0155300004407763,0.0155300004407763,33
EDRCoin USD,EDRC-USD,2020-02-05,0.0155300004407763,0.0165040008723735,0.0139629999175667,0.0160809997469186,0.0160809997469186,70
EDRCoin USD,EDRC-USD,2020-02-06,0.0160830002278089,0.0174940004944801,0.0159699991345405,0.0173470005393028,0.0173470005393028,9
EDRCoin USD,EDRC-USD,2020-02-07,0.0173470005393028,0.0175170004367828,0.017340000718832,0.017459999769926,0.017459999769926,0
EDRCoin USD,EDRC-USD,2020-02-08,0.017459999769926,0.017459999769926,0.0166400000452995,0.0167830009013414,0.0167830009013414,2
EDRCoin USD,EDRC-USD,2020-02-09,0.0167830009013414,0.0201799999922513,0.0167750008404254,0.01702699996531,0.01702699996531,146
EDRCoin USD,EDRC-USD,2020-02-10,0.0170339997857809,0.0214179996401071,0.0166120007634162,0.0213079992681741,0.0213079992681741,192
EDRCoin USD,EDRC-USD,2020-02-11,0.0213079992681741,0.0213079992681741,0.0195729993283748,0.0199110005050897,0.0199110005050897,4
EDRCoin USD,EDRC-USD,2020-02-12,0.0199090000241994,0.0202830005437135,0.019896000623703,0.0201600007712841,0.0201600007712841,0
EDRCoin USD,EDRC-USD,2020-02-13,0.0201600007712841,0.0201600007712841,0.0201600007712841,0.0201600007712841,0.0201600007712841,0
EDRCoin USD,EDRC-USD,2020-02-14,0.0201600007712841,0.0217119995504617,0.0201600007712841,0.0216899998486042,0.0216899998486042,1
EDRCoin USD,EDRC-USD,2020-02-15,0.0216899998486042,0.021773999556899,0.0169660001993179,0.0170370005071163,0.0170370005071163,107
EDRCoin USD,EDRC-USD,2020-02-16,0.0170370005071163,0.0197449997067451,0.0169900003820657,0.0174790006130933,0.0174790006130933,3
EDRCoin USD,EDRC-USD,2020-02-17,0.0174700003117322,0.0174930002540349,0.0167210008949041,0.0170259997248649,0.0170259997248649,0
EDRCoin USD,EDRC-USD,2020-02-18,0.0170259997248649,0.0199430007487535,0.0170259997248649,0.0198909994214773,0.0198909994214773,5
EDRCoin USD,EDRC-USD,2020-02-19,0.019896000623703,0.0199829991906881,0.0165020003914833,0.0165359992533922,0.0165359992533922,7
EDRCoin USD,EDRC-USD,2020-02-20,0.0165359992533922,0.0165940001606941,0.0163460001349449,0.016449000686407,0.016449000686407,0
EDRCoin USD,EDRC-USD,2020-02-21,0.016449000686407,0.016449000686407,0.016449000686407,0.016449000686407,0.016449000686407,0
EDRCoin USD,EDRC-USD,2020-02-22,0.016449000686407,0.0172659996896982,0.016449000686407,0.0172230005264282,0.0172230005264282,4
EDRCoin USD,EDRC-USD,2020-02-23,0.0172230005264282,0.0185969993472099,0.0166170001029968,0.0168929994106292,0.0168929994106292,33
EDRCoin USD,EDRC-USD,2020-02-24,0.0169149991124868,0.0175919998437166,0.0161150004714727,0.0172789990901947,0.0172789990901947,16
EDRCoin USD,EDRC-USD,2020-02-25,0.0172770004719495,0.0175199992954731,0.016924999654293,0.0169869996607303,0.0169869996607303,2
EDRCoin USD,EDRC-USD,2020-02-26,0.0169859994202852,0.0170220006257295,0.0166779998689889,0.0167500004172325,0.0167500004172325,0
EDRCoin USD,EDRC-USD,2020-02-27,0.0167500004172325,0.0167500004172325,0.0132020004093647,0.0139640001580119,0.0139640001580119,78
EDRCoin USD,EDRC-USD,2020-02-28,0.0139939999207854,0.0141409998759627,0.0117840003222227,0.01201600022614,0.01201600022614,28
EDRCoin USD,EDRC-USD,2020-02-29,0.01201600022614,0.0127680003643035,0.01201600022614,0.0126250004395842,0.0126250004395842,20
EDRCoin USD,EDRC-USD,2020-03-01,0.0126250004395842,0.0128349997103214,0.012470000423491,0.0124749997630715,0.0124749997630715,0
EDRCoin USD,EDRC-USD,2020-03-02,0.0124749997630715,0.0131000000983476,0.0124749997630715,0.0130070000886917,0.0130070000886917,7
EDRCoin USD,EDRC-USD,2020-03-03,0.0130059998482465,0.0131719997152686,0.0128750000149011,0.0129949999973177,0.0129949999973177,12
EDRCoin USD,EDRC-USD,2020-03-04,0.0129949999973177,0.0131369996815919,0.0129230003803968,0.0131320003420114,0.0131320003420114,3
EDRCoin USD,EDRC-USD,2020-03-05,0.013132999651134,0.0132870003581047,0.0127149997279047,0.013082000426948,0.013082000426948,6
EDRCoin USD,EDRC-USD,2020-03-06,0.013082000426948,0.0132090002298355,0.0130000002682209,0.0131010003387928,0.0131010003387928,0
EDRCoin USD,EDRC-USD,2020-03-07,0.0131010003387928,0.0131010003387928,0.0131010003387928,0.0131010003387928,0.0131010003387928,0
EDRCoin USD,EDRC-USD,2020-03-08,0.0131010003387928,0.0131010003387928,0.011646999977529,0.0116590000689029,0.0116590000689029,6
EDRCoin USD,EDRC-USD,2020-03-09,0.0116529995575547,0.0117300003767013,0.0102150002494454,0.0110050002112984,0.0110050002112984,2
EDRCoin USD,EDRC-USD,2020-03-10,0.0110200000926852,0.011281999759376,0.0109390001744031,0.0112229995429515,0.0112229995429515,0
EDRCoin USD,EDRC-USD,2020-03-11,0.0112229995429515,0.0115069998428225,0.0103080002591013,0.0114700002595782,0.0114700002595782,5
EDRCoin USD,EDRC-USD,2020-03-12,0.011469000019133,0.0128300003707408,0.0087329996749758,0.010313999839127,0.010313999839127,66
EDRCoin USD,EDRC-USD,2020-03-13,0.0103070000186562,0.0123939998447895,0.0085180001333355,0.0104590002447366,0.0104590002447366,0
EDRCoin USD,EDRC-USD,2020-03-14,0.0104590002447366,0.0104590002447366,0.0093310000374913,0.0094659999012947,0.0094659999012947,1
EDRCoin USD,EDRC-USD,2020-03-15,0.0094659999012947,0.0096549997106194,0.0063350000418722,0.0065979999490082,0.0065979999490082,21
EDRCoin USD,EDRC-USD,2020-03-16,0.0065970001742243,0.009158999659121,0.0056920000351965,0.0078990003094077,0.0078990003094077,102
EDRCoin USD,EDRC-USD,2020-03-17,0.0079009998589754,0.0115890000015497,0.0078050000593066,0.0078050000593066,0.0078050000593066,25
EDRCoin USD,EDRC-USD,2020-03-18,0.0077689997851848,0.0079819997772574,0.0076000001281499,0.0078220004215836,0.0078220004215836,0
EDRCoin USD,EDRC-USD,2020-03-19,0.0078220004215836,0.0093120001256465,0.007679000031203,0.0090920003131031,0.0090920003131031,1
EDRCoin USD,EDRC-USD,2020-03-20,0.0090880002826452,0.009193000383675,0.0059039997868239,0.0062620001845061,0.0062620001845061,125
EDRCoin USD,EDRC-USD,2020-03-21,0.0062770000658929,0.0083929998800158,0.0061499997973442,0.0077140000648796,0.0077140000648796,6
EDRCoin USD,EDRC-USD,2020-03-22,0.0077189998701214,0.0077669997699558,0.0070819999091327,0.0071120001375675,0.0071120001375675,7
EDRCoin USD,EDRC-USD,2020-03-23,0.0071120001375675,0.0072139999829232,0.0070759998634457,0.0071669998578727,0.0071669998578727,0
EDRCoin USD,EDRC-USD,2020-03-24,0.0071669998578727,0.0071669998578727,0.0071669998578727,0.0071669998578727,0.0071669998578727,0
EDRCoin USD,EDRC-USD,2020-03-25,0.0071669998578727,0.0083450004458427,0.006705000065267,0.0083450004458427,0.0083450004458427,6
EDRCoin USD,EDRC-USD,2020-03-26,0.0083450004458427,0.0132400002330541,0.0082329995930194,0.0132210003212094,0.0132210003212094,44
EDRCoin USD,EDRC-USD,2020-03-27,0.0132290003821253,0.0133699998259544,0.0090929996222257,0.0095570003613829,0.0095570003613829,17
EDRCoin USD,EDRC-USD,2020-03-28,0.0095729995518922,0.0095729995518922,0.0090669998899102,0.0092470003291964,0.0092470003291964,0
EDRCoin USD,EDRC-USD,2020-03-29,0.0092470003291964,0.0092470003291964,0.00874700024724,0.0087529998272657,0.0087529998272657,18
EDRCoin USD,EDRC-USD,2020-03-30,0.0087409997358918,0.0096349995583295,0.0081329997628927,0.0095290001481771,0.0095290001481771,9
EDRCoin USD,EDRC-USD,2020-03-31,0.0094959996640682,0.009630000218749,0.0080869998782873,0.0081799998879432,0.0081799998879432,5
EDRCoin USD,EDRC-USD,2020-04-01,0.0081799998879432,0.0081799998879432,0.0080070002004504,0.0080300001427531,0.0080300001427531,0
EDRCoin USD,EDRC-USD,2020-04-02,0.0080300001427531,0.0080300001427531,0.0080300001427531,0.0080300001427531,0.0080300001427531,0
EDRCoin USD,EDRC-USD,2020-04-03,0.0080300001427531,0.0089370002970099,0.0080300001427531,0.0088919997215271,0.0088919997215271,25
EDRCoin USD,EDRC-USD,2020-04-04,0.0088919997215271,0.0090650003403425,0.008743000216782,0.0089290002360939,0.0089290002360939,4
EDRCoin USD,EDRC-USD,2020-04-05,0.0089339995756745,0.0089530004188418,0.0083809997886419,0.00849200040102,0.00849200040102,3
EDRCoin USD,EDRC-USD,2020-04-06,0.0084910001605749,0.0090840002521872,0.0084760002791881,0.0090690003708004,0.0090690003708004,1
EDRCoin USD,EDRC-USD,2020-04-07,0.0090939998626708,0.0092519996687769,0.0080660004168748,0.008105999790132,0.008105999790132,4
EDRCoin USD,EDRC-USD,2020-04-08,0.008101999759674,0.0083280000835657,0.0080739995464682,0.008216000162065,0.008216000162065,0
EDRCoin USD,EDRC-USD,2020-04-09,0.008216000162065,0.008216000162065,0.0080939996987581,0.0081759998574852,0.0081759998574852,13
EDRCoin USD,EDRC-USD,2020-04-10,0.0081730000674724,0.0088240001350641,0.0078189997002482,0.0086439996957778,0.0086439996957778,6
EDRCoin USD,EDRC-USD,2020-04-11,0.0086439996957778,0.0087280003353953,0.0085300002247095,0.0087109999731183,0.0087109999731183,0
EDRCoin USD,EDRC-USD,2020-04-12,0.0087109999731183,0.0087109999731183,0.0087109999731183,0.0087109999731183,0.0087109999731183,0
EDRCoin USD,EDRC-USD,2020-04-13,0.0087109999731183,0.0087109999731183,0.0087109999731183,0.0087109999731183,0.0087109999731183,0
EDRCoin USD,EDRC-USD,2020-04-14,0.0087109999731183,0.0087109999731183,0.0087109999731183,0.0087109999731183,0.0087109999731183,0
EDRCoin USD,EDRC-USD,2020-04-15,0.0087109999731183,0.0087109999731183,0.0087109999731183,0.0087109999731183,0.0087109999731183,0
EDRCoin USD,EDRC-USD,2020-04-16,0.0087109999731183,0.0087109999731183,0.0077459998428821,0.0083910003304481,0.0083910003304481,8
EDRCoin USD,EDRC-USD,2020-04-17,0.0083950003609061,0.0083959996700286,0.0079500004649162,0.0080040004104375,0.0080040004104375,26
EDRCoin USD,EDRC-USD,2020-04-18,0.0080089997500181,0.0084239998832345,0.0080049997195601,0.0084079997614026,0.0084079997614026,2
EDRCoin USD,EDRC-USD,2020-04-19,0.0084039997309446,0.0085950000211596,0.0083680003881454,0.0085370000451803,0.0085370000451803,3
EDRCoin USD,EDRC-USD,2020-04-20,0.0085359998047351,0.0086070001125335,0.0081139998510479,0.0081639997661113,0.0081639997661113,0
EDRCoin USD,EDRC-USD,2020-04-21,0.0081639997661113,0.0081639997661113,0.0081639997661113,0.0081639997661113,0.0081639997661113,0
EDRCoin USD,EDRC-USD,2020-04-22,0.0081639997661113,0.0081639997661113,0.0081639997661113,0.0081639997661113,0.0081639997661113,0
EDRCoin USD,EDRC-USD,2020-04-23,0.0081639997661113,0.0081639997661113,0.0081639997661113,0.0081639997661113,0.0081639997661113,0
EDRCoin USD,EDRC-USD,2020-04-24,0.0081639997661113,0.0081639997661113,0.0081639997661113,0.0081639997661113,0.0081639997661113,0
EDRCoin USD,EDRC-USD,2020-04-25,0.0081639997661113,0.0081639997661113,0.0079549998044967,0.0080159995704889,0.0080159995704889,12
EDRCoin USD,EDRC-USD,2020-04-26,0.008016999810934,0.008097999729216,0.0031799999997019,0.0032210000790655,0.0032210000790655,62
EDRCoin USD,EDRC-USD,2020-04-27,0.0032269998919218,0.0032649999484419,0.003220000071451,0.0032470000442117,0.0032470000442117,0
EDRCoin USD,EDRC-USD,2020-04-28,0.0032470000442117,0.0077269999310374,0.0032470000442117,0.0077229999005794,0.0077229999005794,10
EDRCoin USD,EDRC-USD,2020-04-29,0.0077169998548924,0.011455999687314,0.0077019999735057,0.0113479997962713,0.0113479997962713,22
EDRCoin USD,EDRC-USD,2020-04-30,0.0113340001553297,0.0127649996429681,0.0090159997344017,0.0091660004109144,0.0091660004109144,36
EDRCoin USD,EDRC-USD,2020-05-01,0.0091660004109144,0.0142750004306435,0.0091660004109144,0.0121449995785951,0.0121449995785951,20
EDRCoin USD,EDRC-USD,2020-05-02,0.0121470000594854,0.0134770004078745,0.0117239998653531,0.0134650003165006,0.0134650003165006,5
EDRCoin USD,EDRC-USD,2020-05-03,0.0134770004078745,0.0137400003150105,0.0110109997913241,0.0111109996214509,0.0111109996214509,18
EDRCoin USD,EDRC-USD,2020-05-04,0.0111149996519088,0.0121790003031492,0.011022999882698,0.0121139995753765,0.0121139995753765,3
EDRCoin USD,EDRC-USD,2020-05-05,0.0121139995753765,0.012156999669969,0.0120829995721578,0.0120959999039769,0.0120959999039769,0
EDRCoin USD,EDRC-USD,2020-05-06,0.0120959999039769,0.0127929998561739,0.0120959999039769,0.0125649999827146,0.0125649999827146,2
EDRCoin USD,EDRC-USD,2020-05-07,0.0125649999827146,0.0126539999619126,0.0124220000579953,0.0126459999009966,0.0126459999009966,0
EDRCoin USD,EDRC-USD,2020-05-08,0.0126459999009966,0.0126459999009966,0.0126459999009966,0.0126459999009966,0.0126459999009966,0
EDRCoin USD,EDRC-USD,2020-05-09,0.0126459999009966,0.0126459999009966,0.0126459999009966,0.0126459999009966,0.0126459999009966,0
EDRCoin USD,EDRC-USD,2020-05-10,0.0126459999009966,0.0126459999009966,0.0103649999946355,0.010590000078082,0.010590000078082,123
EDRCoin USD,EDRC-USD,2020-05-11,0.010598000138998,0.010937999933958,0.0095859998837113,0.009630000218749,0.009630000218749,1
EDRCoin USD,EDRC-USD,2020-05-12,0.009634000249207,0.0100250001996755,0.0095840003341436,0.009885000064969,0.009885000064969,0
EDRCoin USD,EDRC-USD,2020-05-13,0.009885000064969,0.009885000064969,0.009885000064969,0.009885000064969,0.009885000064969,0
EDRCoin USD,EDRC-USD,2020-05-14,0.009885000064969,0.0128239998593926,0.009885000064969,0.0127499997615814,0.0127499997615814,2
EDRCoin USD,EDRC-USD,2020-05-15,0.0127459997311234,0.0127860000357031,0.0126790003851056,0.0127579998224973,0.0127579998224973,0
EDRCoin USD,EDRC-USD,2020-05-16,0.0127579998224973,0.0127579998224973,0.0127579998224973,0.0127579998224973,0.0127579998224973,0
EDRCoin USD,EDRC-USD,2020-05-17,0.0127579998224973,0.0127579998224973,0.0127579998224973,0.0127579998224973,0.0127579998224973,0
EDRCoin USD,EDRC-USD,2020-05-18,0.0127579998224973,0.0132219996303319,0.0120860002934932,0.012263000011444,0.012263000011444,14
EDRCoin USD,EDRC-USD,2020-05-19,0.0122560001909732,0.0123920002952218,0.0120139997452497,0.0121889999136328,0.0121889999136328,0
EDRCoin USD,EDRC-USD,2020-05-20,0.0121889999136328,0.012351999990642,0.0099929999560117,0.0100910002365708,0.0100910002365708,22
EDRCoin USD,EDRC-USD,2020-05-21,0.0100919995456933,0.0101290000602602,0.010029999539256,0.0100880004465579,0.0100880004465579,0
EDRCoin USD,EDRC-USD,2020-05-22,0.0100880004465579,0.0100880004465579,0.0100880004465579,0.0100880004465579,0.0100880004465579,0
EDRCoin USD,EDRC-USD,2020-05-23,0.0100880004465579,0.0100880004465579,0.0100880004465579,0.0100880004465579,0.0100880004465579,0
EDRCoin USD,EDRC-USD,2020-05-24,0.0100880004465579,0.0100880004465579,0.0100880004465579,0.0100880004465579,0.0100880004465579,0
EDRCoin USD,EDRC-USD,2020-05-25,0.0100880004465579,0.0105699999257922,0.0062099997885525,0.0085500003769993,0.0085500003769993,113
EDRCoin USD,EDRC-USD,2020-05-26,0.0085490001365542,0.0089360000565648,0.0070879999548196,0.0080359997227787,0.0080359997227787,65
EDRCoin USD,EDRC-USD,2020-05-27,0.0080359997227787,0.0082670003175735,0.0074459998868405,0.0078990003094077,0.0078990003094077,28
EDRCoin USD,EDRC-USD,2020-05-28,0.0078990003094077,0.0082109998911619,0.0078710000962018,0.0081919999793171,0.0081919999793171,0
EDRCoin USD,EDRC-USD,2020-05-29,0.0081919999793171,0.0111269997432827,0.0081690000370144,0.0082099996507167,0.0082099996507167,19
EDRCoin USD,EDRC-USD,2020-05-30,0.0082099996507167,0.0095119997859001,0.0081590004265308,0.0095039997249841,0.0095039997249841,3
EDRCoin USD,EDRC-USD,2020-05-31,0.0095039997249841,0.0101950000971555,0.0082019995898008,0.0082409996539354,0.0082409996539354,24
EDRCoin USD,EDRC-USD,2020-06-01,0.0082390001043677,0.0101819997653365,0.0082189999520778,0.0095560001209378,0.0095560001209378,9
EDRCoin USD,EDRC-USD,2020-06-02,0.0095570003613829,0.0095809996128082,0.0088820001110434,0.0093310000374913,0.0093310000374913,15
EDRCoin USD,EDRC-USD,2020-06-03,0.0093320002779364,0.009626000188291,0.0092780003324151,0.0094619998708367,0.0094619998708367,8
EDRCoin USD,EDRC-USD,2020-06-04,0.009464000351727,0.0107549997046589,0.0093170003965497,0.010683000087738,0.010683000087738,11
EDRCoin USD,EDRC-USD,2020-06-05,0.010683000087738,0.0117039997130632,0.0106210000813007,0.011111999861896,0.011111999861896,34
EDRCoin USD,EDRC-USD,2020-06-06,0.011111999861896,0.0113970004022121,0.011026999913156,0.0113810002803802,0.0113810002803802,1
EDRCoin USD,EDRC-USD,2020-06-07,0.0113819995895028,0.0135840000584721,0.0111609995365142,0.0135650001466274,0.0135650001466274,5
EDRCoin USD,EDRC-USD,2020-06-08,0.0135669996961951,0.013574999757111,0.0120949996635317,0.0122130000963807,0.0122130000963807,1
EDRCoin USD,EDRC-USD,2020-06-09,0.0122130000963807,0.0122980000451207,0.0120700001716613,0.0121419997885823,0.0121419997885823,0
EDRCoin USD,EDRC-USD,2020-06-10,0.0121419997885823,0.0121419997885823,0.0117979999631643,0.0119369998574256,0.0119369998574256,25
EDRCoin USD,EDRC-USD,2020-06-11,0.0119369998574256,0.0120200002565979,0.0111010000109672,0.0112760001793503,0.0112760001793503,82
EDRCoin USD,EDRC-USD,2020-06-12,0.0112629998475313,0.0115809999406337,0.0112060001119971,0.0115590002387762,0.0115590002387762,14
EDRCoin USD,EDRC-USD,2020-06-13,0.0115639995783567,0.0115740001201629,0.0114500001072883,0.0115430001169443,0.0115430001169443,0
EDRCoin USD,EDRC-USD,2020-06-14,0.0115430001169443,0.0115430001169443,0.0115430001169443,0.0115430001169443,0.0115430001169443,0
EDRCoin USD,EDRC-USD,2020-06-15,0.0115430001169443,0.0115430001169443,0.0045699998736381,0.0079239998012781,0.0079239998012781,100
EDRCoin USD,EDRC-USD,2020-06-16,0.0079260002821683,0.0080409999936819,0.0078940000385046,0.0079910000786185,0.0079910000786185,0
EDRCoin USD,EDRC-USD,2020-06-17,0.0079910000786185,0.0079910000786185,0.0075869997963309,0.0077669997699558,0.0077669997699558,4
EDRCoin USD,EDRC-USD,2020-06-18,0.0077669997699558,0.0077689997851848,0.0077209998853504,0.0077360002323985,0.0077360002323985,0
EDRCoin USD,EDRC-USD,2020-06-19,0.0077360002323985,0.0077360002323985,0.0077360002323985,0.0077360002323985,0.0077360002323985,0
EDRCoin USD,EDRC-USD,2020-06-20,0.0077360002323985,0.0077360002323985,0.0077360002323985,0.0077360002323985,0.0077360002323985,0
EDRCoin USD,EDRC-USD,2020-06-21,0.0077360002323985,0.0079950001090765,0.0077360002323985,0.0078099998645484,0.0078099998645484,4
EDRCoin USD,EDRC-USD,2020-06-22,0.0078099998645484,0.0079180002212524,0.0078059998340904,0.0079110004007816,0.0079110004007816,0
EDRCoin USD,EDRC-USD,2020-06-23,0.0079110004007816,0.0084130000323057,0.0079110004007816,0.0083790002390742,0.0083790002390742,4
EDRCoin USD,EDRC-USD,2020-06-24,0.008382000029087,0.0084180003032088,0.0082780001685023,0.008283999748528,0.008283999748528,0
EDRCoin USD,EDRC-USD,2020-06-25,0.008283999748528,0.008283999748528,0.008283999748528,0.008283999748528,0.008283999748528,0
EDRCoin USD,EDRC-USD,2020-06-26,0.008283999748528,0.008283999748528,0.008283999748528,0.008283999748528,0.008283999748528,0
EDRCoin USD,EDRC-USD,2020-06-27,0.008283999748528,0.008283999748528,0.008283999748528,0.008283999748528,0.008283999748528,0
EDRCoin USD,EDRC-USD,2020-06-28,0.008283999748528,0.008283999748528,0.0079849995672702,0.0080260001122951,0.0080260001122951,5
EDRCoin USD,EDRC-USD,2020-06-29,0.0080260001122951,0.0084929997101426,0.0079439999535679,0.0084269996732473,0.0084269996732473,3
EDRCoin USD,EDRC-USD,2020-06-30,0.0084260003641247,0.0084969997406005,0.0083520002663135,0.0083980001509189,0.0083980001509189,5
EDRCoin USD,EDRC-USD,2020-07-01,0.0083980001509189,0.0085680000483989,0.0083640003576874,0.0084830000996589,0.0084830000996589,1
EDRCoin USD,EDRC-USD,2020-07-02,0.0084859998896718,0.008538999594748,0.0084520000964403,0.0085279997438192,0.0085279997438192,0
EDRCoin USD,EDRC-USD,2020-07-03,0.0085279997438192,0.0085279997438192,0.0085279997438192,0.0085279997438192,0.0085279997438192,0
EDRCoin USD,EDRC-USD,2020-07-04,0.0085279997438192,0.0085279997438192,0.0085279997438192,0.0085279997438192,0.0085279997438192,0
EDRCoin USD,EDRC-USD,2020-07-05,0.0085279997438192,0.0085279997438192,0.0085279997438192,0.0085279997438192,0.0085279997438192,0
EDRCoin USD,EDRC-USD,2020-07-06,0.0085279997438192,0.0085279997438192,0.0085279997438192,0.0085279997438192,0.0085279997438192,0
EDRCoin USD,EDRC-USD,2020-07-07,0.0085279997438192,0.0085279997438192,0.0083929998800158,0.0084210000932216,0.0084210000932216,1
EDRCoin USD,EDRC-USD,2020-07-08,0.0084229996427893,0.0089990003034472,0.0084119997918605,0.0089600002393126,0.0089600002393126,2
EDRCoin USD,EDRC-USD,2020-07-09,0.0089600002393126,0.0089760003611445,0.0084950001910328,0.0085230004042387,0.0085230004042387,2
EDRCoin USD,EDRC-USD,2020-07-10,0.0085239997133612,0.0085439998656511,0.0074579999782145,0.0075179999694228,0.0075179999694228,43
EDRCoin USD,EDRC-USD,2020-07-11,0.0075159999541938,0.0075520002283155,0.0072070001624524,0.0073009999468922,0.0073009999468922,15
EDRCoin USD,EDRC-USD,2020-07-12,0.0073009999468922,0.0073779998347163,0.0072789997793734,0.0072880000807344,0.0072880000807344,0
EDRCoin USD,EDRC-USD,2020-07-13,0.0072880000807344,0.0072880000807344,0.0059899999760091,0.0060350000858306,0.0060350000858306,390
EDRCoin USD,EDRC-USD,2020-07-14,0.006000000052154,0.0066060000099241,0.0059529999271035,0.0065580001100897,0.0065580001100897,18
EDRCoin USD,EDRC-USD,2020-07-15,0.0065580001100897,0.0066080000251531,0.0059589999727904,0.0059719998389482,0.0059719998389482,1
EDRCoin USD,EDRC-USD,2020-07-16,0.0059710000641644,0.0063660000450909,0.0059620002284646,0.0062979999929666,0.0062979999929666,3
EDRCoin USD,EDRC-USD,2020-07-17,0.0062979999929666,0.0064559997990727,0.005909000057727,0.0064030000939965,0.0064030000939965,11
EDRCoin USD,EDRC-USD,2020-07-18,0.0064030000939965,0.0064670001156628,0.0063749998807907,0.0064070001244544,0.0064070001244544,0
EDRCoin USD,EDRC-USD,2020-07-19,0.0064070001244544,0.0064070001244544,0.0064070001244544,0.0064070001244544,0.0064070001244544,0
EDRCoin USD,EDRC-USD,2020-07-20,0.0064070001244544,0.0064070001244544,0.0064070001244544,0.0064070001244544,0.0064070001244544,0
EDRCoin USD,EDRC-USD,2020-07-21,0.0064070001244544,0.0064170002005994,0.0063680000603199,0.0063700000755488,0.0063700000755488,35
EDRCoin USD,EDRC-USD,2020-07-22,0.0063700000755488,0.0064119999296963,0.0060530002228915,0.0061929998919367,0.0061929998919367,40
EDRCoin USD,EDRC-USD,2020-07-23,0.0061929998919367,0.0088510001078248,0.0061639999039471,0.0088160000741481,0.0088160000741481,3094
EDRCoin USD,EDRC-USD,2020-07-24,0.0088179996237158,0.0111910002306103,0.0086460001766681,0.0104890000075101,0.0104890000075101,222
EDRCoin USD,EDRC-USD,2020-07-25,0.0104900002479553,0.0111509999260306,0.0096530001610517,0.011129000224173,0.011129000224173,21
EDRCoin USD,EDRC-USD,2020-07-26,0.0111309997737407,0.0121590001508593,0.009452000260353,0.0095079997554421,0.0095079997554421,3
EDRCoin USD,EDRC-USD,2020-07-27,0.0095079997554421,0.010487999767065,0.0095070004463195,0.0097759999334812,0.0097759999334812,12
EDRCoin USD,EDRC-USD,2020-07-28,0.009774999693036,0.0099809998646378,0.0094609996303915,0.0097820004448294,0.0097820004448294,0
EDRCoin USD,EDRC-USD,2020-07-29,0.0097820004448294,0.0113120004534721,0.0097820004448294,0.0110870003700256,0.0110870003700256,2
EDRCoin USD,EDRC-USD,2020-07-30,0.0110969999805092,0.0111130001023411,0.010874000377953,0.0110809998586773,0.0110809998586773,0
EDRCoin USD,EDRC-USD,2020-07-31,0.0110809998586773,0.0110809998586773,0.0110809998586773,0.0110809998586773,0.0110809998586773,0
EDRCoin USD,EDRC-USD,2020-08-01,0.0110809998586773,0.0110809998586773,0.0097859995439648,0.0100039998069405,0.0100039998069405,4
EDRCoin USD,EDRC-USD,2020-08-02,0.0100029995664954,0.0102260001003742,0.0092770000919699,0.0093989996239542,0.0093989996239542,10
EDRCoin USD,EDRC-USD,2020-08-03,0.0094029996544122,0.0097249997779726,0.0090849995613098,0.0092230001464486,0.0092230001464486,15
EDRCoin USD,EDRC-USD,2020-08-04,0.0092219999060034,0.009349999949336,0.0090730004012584,0.0091920001432299,0.0091920001432299,0
EDRCoin USD,EDRC-USD,2020-08-05,0.0091920001432299,0.0091920001432299,0.0091920001432299,0.0091920001432299,0.0091920001432299,0
EDRCoin USD,EDRC-USD,2020-08-06,0.0091920001432299,0.0091920001432299,0.0091920001432299,0.0091920001432299,0.0091920001432299,0
EDRCoin USD,EDRC-USD,2020-08-07,0.0091920001432299,0.0091920001432299,0.0091920001432299,0.0091920001432299,0.0091920001432299,0
EDRCoin USD,EDRC-USD,2020-08-08,0.0091920001432299,0.0093050003051757,0.0091920001432299,0.0092890001833438,0.0092890001833438,7
EDRCoin USD,EDRC-USD,2020-08-09,0.0092919999733567,0.0093179997056722,0.0091190002858638,0.009184000082314,0.009184000082314,0
EDRCoin USD,EDRC-USD,2020-08-10,0.009184000082314,0.009184000082314,0.009184000082314,0.009184000082314,0.009184000082314,0
EDRCoin USD,EDRC-USD,2020-08-11,0.009184000082314,0.0096370000392198,0.0091519998386502,0.0093390000984072,0.0093390000984072,1
EDRCoin USD,EDRC-USD,2020-08-12,0.0093440003693103,0.0096399998292326,0.0088640004396438,0.0092620002105832,0.0092620002105832,13
EDRCoin USD,EDRC-USD,2020-08-13,0.0092630004510283,0.0096629997715353,0.0091519998386502,0.0096620004624128,0.0096620004624128,6
EDRCoin USD,EDRC-USD,2020-08-14,0.0096580004319548,0.0097099998965859,0.0095769995823502,0.0096460003405809,0.0096460003405809,1
EDRCoin USD,EDRC-USD,2020-08-15,0.0096490001305937,0.0097979996353387,0.0096490001305937,0.0096869999542832,0.0096869999542832,0
EDRCoin USD,EDRC-USD,2020-08-16,0.0096869999542832,0.0096869999542832,0.0096869999542832,0.0096869999542832,0.0096869999542832,0
EDRCoin USD,EDRC-USD,2020-08-17,0.0096869999542832,0.0096869999542832,0.0096869999542832,0.0096869999542832,0.0096869999542832,0
EDRCoin USD,EDRC-USD,2020-08-18,0.0096869999542832,0.0096869999542832,0.0096869999542832,0.0096869999542832,0.0096869999542832,0
EDRCoin USD,EDRC-USD,2020-08-19,0.0096869999542832,0.0096869999542832,0.0096869999542832,0.0096869999542832,0.0096869999542832,0
EDRCoin USD,EDRC-USD,2020-08-20,0.0096869999542832,0.0096869999542832,0.0096869999542832,0.0096869999542832,0.0096869999542832,0
EDRCoin USD,EDRC-USD,2020-08-21,0.0096869999542832,0.0096869999542832,0.0096869999542832,0.0096869999542832,0.0096869999542832,0
EDRCoin USD,EDRC-USD,2020-08-22,0.0096869999542832,0.0096869999542832,0.0096869999542832,0.0096869999542832,0.0096869999542832,0
EDRCoin USD,EDRC-USD,2020-08-23,0.0096869999542832,0.0096869999542832,0.0096869999542832,0.0096869999542832,0.0096869999542832,0
EDRCoin USD,EDRC-USD,2020-08-24,0.0096869999542832,0.0096869999542832,0.0096869999542832,0.0096869999542832,0.0096869999542832,0
EDRCoin USD,EDRC-USD,2020-08-25,0.0096869999542832,0.0099510001018643,0.0093000000342726,0.0094299996271729,0.0094299996271729,1
EDRCoin USD,EDRC-USD,2020-08-26,0.0094189997762441,0.0094609996303915,0.0093639995902776,0.0094569995999336,0.0094569995999336,0
EDRCoin USD,EDRC-USD,2020-08-27,0.0094569995999336,0.0094569995999336,0.0094569995999336,0.0094569995999336,0.0094569995999336,0
EDRCoin USD,EDRC-USD,2020-08-28,0.0094569995999336,0.009693999774754,0.0094569995999336,0.0096840001642704,0.0096840001642704,1
EDRCoin USD,EDRC-USD,2020-08-29,0.0096859997138381,0.0097300000488758,0.0085909999907016,0.008623999543488,0.008623999543488,13
EDRCoin USD,EDRC-USD,2020-08-30,0.0086200004443526,0.0087169995531439,0.0086099999025464,0.0086869997903704,0.0086869997903704,0
EDRCoin USD,EDRC-USD,2020-08-31,0.0086869997903704,0.0086869997903704,0.0086869997903704,0.0086869997903704,0.0086869997903704,0
EDRCoin USD,EDRC-USD,2020-09-01,0.0086869997903704,0.0116839995607733,0.0086869997903704,0.0115759996697306,0.0115759996697306,14
EDRCoin USD,EDRC-USD,2020-09-02,0.0115769999101758,0.0115970000624656,0.0099090002477169,0.0100239999592304,0.0100239999592304,1
EDRCoin USD,EDRC-USD,2020-09-03,0.0100239999592304,0.0100609995424747,0.0097169997170567,0.0097359996289014,0.0097359996289014,0
EDRCoin USD,EDRC-USD,2020-09-04,0.0097359996289014,0.0097359996289014,0.0097359996289014,0.0097359996289014,0.0097359996289014,0
EDRCoin USD,EDRC-USD,2020-09-05,0.0097359996289014,0.0097359996289014,0.0080319996923208,0.0082350000739097,0.0082350000739097,5
EDRCoin USD,EDRC-USD,2020-09-06,0.0082350000739097,0.0089980000630021,0.0082170004025101,0.0089290002360939,0.0089290002360939,2
EDRCoin USD,EDRC-USD,2020-09-07,0.0089299995452165,0.0089549999684095,0.0089260004460811,0.0089539997279644,0.0089539997279644,0
EDRCoin USD,EDRC-USD,2020-09-08,0.0089539997279644,0.0089539997279644,0.0089539997279644,0.0089539997279644,0.0089539997279644,0
EDRCoin USD,EDRC-USD,2020-09-09,0.0089539997279644,0.0089539997279644,0.0089539997279644,0.0089539997279644,0.0089539997279644,0
EDRCoin USD,EDRC-USD,2020-09-10,0.0089539997279644,0.0089539997279644,0.0089539997279644,0.0089539997279644,0.0089539997279644,0
EDRCoin USD,EDRC-USD,2020-09-11,0.0089539997279644,0.0089539997279644,0.0089539997279644,0.0089539997279644,0.0089539997279644,0
EDRCoin USD,EDRC-USD,2020-09-12,0.0089539997279644,0.0089539997279644,0.0089539997279644,0.0089539997279644,0.0089539997279644,0
EDRCoin USD,EDRC-USD,2020-09-13,0.0089539997279644,0.0089539997279644,0.0089539997279644,0.0089539997279644,0.0089539997279644,0
EDRCoin USD,EDRC-USD,2020-09-14,0.0089539997279644,0.0089539997279644,0.0089539997279644,0.0089539997279644,0.0089539997279644,0
EDRCoin USD,EDRC-USD,2020-09-15,0.0089539997279644,0.0089539997279644,0.0089539997279644,0.0089539997279644,0.0089539997279644,0
EDRCoin USD,EDRC-USD,2020-09-16,0.0089539997279644,0.0089539997279644,0.0089539997279644,0.0089539997279644,0.0089539997279644,0
EDRCoin USD,EDRC-USD,2020-09-17,0.0089539997279644,0.0089539997279644,0.0089539997279644,0.0089539997279644,0.0089539997279644,0
EDRCoin USD,EDRC-USD,2020-09-18,0.0089539997279644,0.0136059997603297,0.0089539997279644,0.0134460004046559,0.0134460004046559,2
EDRCoin USD,EDRC-USD,2020-09-19,0.0134509997442364,0.0137090003117918,0.0134190004318952,0.013600000180304,0.013600000180304,0
EDRCoin USD,EDRC-USD,2020-09-20,0.013600000180304,0.013600000180304,0.013600000180304,0.013600000180304,0.013600000180304,0
EDRCoin USD,EDRC-USD,2020-09-21,0.013600000180304,0.013600000180304,0.013600000180304,0.013600000180304,0.013600000180304,0
EDRCoin USD,EDRC-USD,2020-09-22,0.013600000180304,0.013600000180304,0.013600000180304,0.013600000180304,0.013600000180304,0
EDRCoin USD,EDRC-USD,2020-09-23,0.0129570001736283,0.0129620004445314,0.012543000280857,0.0126029998064041,0.0126029998064041,0
EDRCoin USD,EDRC-USD,2020-09-24,0.0126029998064041,0.0132480002939701,0.0125850001350045,0.013234999962151,0.013234999962151,0
EDRCoin USD,EDRC-USD,2020-09-25,0.013234999962151,0.0132569996640086,0.0130120003595948,0.0131519995629787,0.0131519995629787,0
EDRCoin USD,EDRC-USD,2020-09-26,0.0131519995629787,0.0132510000839829,0.01312099955976,0.0132229998707771,0.0132229998707771,0
EDRCoin USD,EDRC-USD,2020-09-27,0.0132229998707771,0.0132889999076724,0.0130660003051161,0.0132539998739957,0.0132539998739957,0
EDRCoin USD,EDRC-USD,2020-09-28,0.0132539998739957,0.0134629998356103,0.0131660001352429,0.0131729999557137,0.0131729999557137,0
EDRCoin USD,EDRC-USD,2020-09-29,0.0131729999557137,0.0133579997345805,0.0130989998579025,0.0133389998227357,0.0133389998227357,0
EDRCoin USD,EDRC-USD,2020-09-30,0.0133389998227357,0.0133419996127486,0.0131230000406503,0.0132649997249245,0.0132649997249245,0
EDRCoin USD,EDRC-USD,2020-10-01,0.0132649997249245,0.0134479999542236,0.0128809995949268,0.0130620002746582,0.0130620002746582,0
EDRCoin USD,EDRC-USD,2020-10-02,0.0130620002746582,0.0131090003997087,0.0128130000084638,0.0130080003291368,0.0130080003291368,0
EDRCoin USD,EDRC-USD,2020-10-03,0.0130080003291368,0.0130369998514652,0.0129289999604225,0.012976000085473,0.012976000085473,0
EDRCoin USD,EDRC-USD,2020-10-04,0.012976000085473,0.0131440004333853,0.0129570001736283,0.0131219998002052,0.0131219998002052,0
EDRCoin USD,EDRC-USD,2020-10-05,0.0131240002810955,0.0132759995758533,0.0130810001865029,0.0132750002667307,0.0132750002667307,0
EDRCoin USD,EDRC-USD,2020-10-06,0.0132759995758533,0.0132809998467564,0.01295099966228,0.0130430003628134,0.0130430003628134,0
EDRCoin USD,EDRC-USD,2020-10-07,0.0130430003628134,0.0131369996815919,0.0129920002073049,0.0131230000406503,0.0131230000406503,0
EDRCoin USD,EDRC-USD,2020-10-08,0.0131230000406503,0.0134629998356103,0.0129920002073049,0.013426000252366,0.013426000252366,0
EDRCoin USD,EDRC-USD,2020-10-09,0.013426000252366,0.0136559996753931,0.0133419996127486,0.0136089995503425,0.0136089995503425,0
EDRCoin USD,EDRC-USD,2020-10-10,0.0136089995503425,0.0140739995986223,0.013600000180304,0.0138950003311038,0.0138950003311038,0
EDRCoin USD,EDRC-USD,2020-10-11,0.0138950003311038,0.0140570001676678,0.0138849997892975,0.0140030002221465,0.0140030002221465,0
EDRCoin USD,EDRC-USD,2020-10-12,0.0140030002221465,0.0143889999017119,0.0138259995728731,0.0142130004242062,0.0142130004242062,0
EDRCoin USD,EDRC-USD,2020-10-13,0.0142130004242062,0.0142130004242062,0.0139250000938773,0.014054000377655,0.014054000377655,0
EDRCoin USD,EDRC-USD,2020-10-14,0.014054000377655,0.0141939995810389,0.0139089999720454,0.014058000408113,0.014058000408113,0
EDRCoin USD,EDRC-USD,2020-10-15,0.014058000408113,0.0142310000956058,0.0139030003920197,0.014139000326395,0.014139000326395,0
EDRCoin USD,EDRC-USD,2020-10-16,0.014139000326395,0.0141939995810389,0.0093970000743865,0.0093970000743865,0.0093970000743865,0
EDRCoin USD,EDRC-USD,2020-10-17,0.0093970000743865,0.0094510000199079,0.009367000311613,0.0094269998371601,0.0094269998371601,0
EDRCoin USD,EDRC-USD,2020-10-18,0.0094269998371601,0.0095309996977448,0.009417999535799,0.0095309996977448,0.0095309996977448,0
EDRCoin USD,EDRC-USD,2020-10-19,0.0095309996977448,0.0097930002957582,0.0094689996913075,0.0097460001707077,0.0097460001707077,0
EDRCoin USD,EDRC-USD,2020-10-20,0.0097460001707077,0.0099600004032254,0.009697999805212,0.0098909996449947,0.0098909996449947,0
EDRCoin USD,EDRC-USD,2020-10-21,0.0098909996449947,0.0137120001018047,0.0098780002444982,0.013337000273168,0.013337000273168,0
EDRCoin USD,EDRC-USD,2020-10-22,0.013337000273168,0.0134760001674294,0.0119279995560646,0.0120580000802874,0.0120580000802874,0
EDRCoin USD,EDRC-USD,2020-10-23,0.0120580000802874,0.012105000205338,0.0118599999696016,0.0120270000770688,0.0120270000770688,0
EDRCoin USD,EDRC-USD,2020-10-24,0.0120259998366236,0.0122250001877546,0.0119839999824762,0.0121950004249811,0.0121950004249811,0
EDRCoin USD,EDRC-USD,2020-10-25,0.0121910003945231,0.0135759999975562,0.0120059996843338,0.0135530000552535,0.0135530000552535,0
EDRCoin USD,EDRC-USD,2020-10-26,0.0135519998148083,0.0137539999559521,0.0133349997922778,0.0135979996994137,0.0135979996994137,0
EDRCoin USD,EDRC-USD,2020-10-27,0.0135979996994137,0.0143100004643201,0.013582999818027,0.0142010003328323,0.0142010003328323,0
EDRCoin USD,EDRC-USD,2020-10-28,0.0142000000923872,0.0143910003826022,0.010955000296235,0.0111499996855854,0.0111499996855854,0
EDRCoin USD,EDRC-USD,2020-10-29,0.0111480001360178,0.0120839998126029,0.0110740000382065,0.0114320004358887,0.0114320004358887,0
EDRCoin USD,EDRC-USD,2020-10-30,0.0114219998940825,0.0116039998829364,0.0109310001134872,0.0109900003299117,0.0109900003299117,0
EDRCoin USD,EDRC-USD,2020-10-31,0.0109729999676346,0.011362999677658,0.0109010003507137,0.0111609995365142,0.0111609995365142,0
EDRCoin USD,EDRC-USD,2020-11-01,0.0111630000174045,0.0112279998138546,0.0110390000045299,0.0111069995909929,0.0111069995909929,0
EDRCoin USD,EDRC-USD,2020-11-02,0.0111269997432827,0.0111849997192621,0.0105950003489851,0.0108399996533989,0.0108399996533989,0
EDRCoin USD,EDRC-USD,2020-11-03,0.0108399996533989,0.0111880004405975,0.0106600001454353,0.0111600002273917,0.0111600002273917,0
EDRCoin USD,EDRC-USD,2020-11-04,0.0111600002273917,0.011374999769032,0.0108639998361468,0.011307000182569,0.011307000182569,0
EDRCoin USD,EDRC-USD,2020-11-05,0.011307000182569,0.0130679998546838,0.011281999759376,0.0130679998546838,0.0130679998546838,0
EDRCoin USD,EDRC-USD,2020-11-06,0.0130869997665286,0.0133589999750256,0.0127910003066062,0.0130749996751546,0.0130749996751546,0
EDRCoin USD,EDRC-USD,2020-11-07,0.0130749996751546,0.0132189998403191,0.0121179996058344,0.0124599998816847,0.0124599998816847,0
EDRCoin USD,EDRC-USD,2020-11-08,0.0124599998816847,0.0134479999542236,0.0123849995434284,0.0133119998499751,0.0133119998499751,0
EDRCoin USD,EDRC-USD,2020-11-09,0.0133119998499751,0.013574999757111,0.0127839995548129,0.0131860002875328,0.0131860002875328,0
EDRCoin USD,EDRC-USD,2020-11-10,0.0131860002875328,0.0132870003581047,0.0130070000886917,0.0131510002538561,0.0131510002538561,0
EDRCoin USD,EDRC-USD,2020-11-11,0.013150000013411,0.0136879999190568,0.0131489997729659,0.0135049996897578,0.0135049996897578,0
EDRCoin USD,EDRC-USD,2020-11-12,0.0135030001401901,0.0140220001339912,0.0133600002154707,0.0139979999512434,0.0139979999512434,0
EDRCoin USD,EDRC-USD,2020-11-13,0.0139979999512434,0.0141580002382397,0.013752999715507,0.01403299998492,0.01403299998492,0
EDRCoin USD,EDRC-USD,2020-11-14,0.01403299998492,0.01403299998492,0.0135439997538924,0.0138180004432797,0.0138180004432797,0
EDRCoin USD,EDRC-USD,2020-11-15,0.0138189997524023,0.014135000295937,0.0131090003997087,0.0132430000230669,0.0132430000230669,0
EDRCoin USD,EDRC-USD,2020-11-16,0.0132430000230669,0.014461999759078,0.0131810000166296,0.0143750002607703,0.0143750002607703,0
EDRCoin USD,EDRC-USD,2020-11-17,0.0143520003184676,0.0152930002659559,0.0142459999769926,0.0149980001151561,0.0149980001151561,0
EDRCoin USD,EDRC-USD,2020-11-18,0.0149990003556013,0.0156350005418062,0.0148689998313784,0.0153099996969103,0.0153099996969103,0
EDRCoin USD,EDRC-USD,2020-11-19,0.0153109999373555,0.0155830001458525,0.0149490004405379,0.0153230000287294,0.0153230000287294,0
EDRCoin USD,EDRC-USD,2020-11-20,0.0153230000287294,0.0161450002342462,0.0152789996936917,0.0160150006413459,0.0160150006413459,0
EDRCoin USD,EDRC-USD,2020-11-21,0.0160140004009008,0.0162850003689527,0.0158619992434978,0.0160319991409778,0.0160319991409778,0
EDRCoin USD,EDRC-USD,2020-11-22,0.0160319991409778,0.0160729996860027,0.0151969995349645,0.0157990008592605,0.0157990008592605,0
EDRCoin USD,EDRC-USD,2020-11-23,0.0157980006188154,0.01609200052917,0.0154809998348355,0.0157960001379251,0.0157960001379251,0
EDRCoin USD,EDRC-USD,2020-11-24,0.0157929994165897,0.0166400000452995,0.0155910002067685,0.0164340008050203,0.0164340008050203,0
EDRCoin USD,EDRC-USD,2020-11-25,0.01643200032413,0.0164780002087354,0.0148649998009204,0.0149870002642273,0.0149870002642273,0
EDRCoin USD,EDRC-USD,2020-11-26,0.0149860000237822,0.0150929996743798,0.0130810001865029,0.0136980004608631,0.0136980004608631,0
EDRCoin USD,EDRC-USD,2020-11-27,0.0137160001322627,0.0139560000970959,0.0132210003212094,0.0136869996786117,0.0136869996786117,0
EDRCoin USD,EDRC-USD,2020-11-28,0.0136869996786117,0.0142829995602369,0.0135289998725056,0.0139969997107982,0.0139969997107982,0
EDRCoin USD,EDRC-USD,2020-11-29,0.0139969997107982,0.0175509992986917,0.013872000388801,0.0174509994685649,0.0174509994685649,0
EDRCoin USD,EDRC-USD,2020-11-30,0.0174499992281198,0.0189590007066726,0.0174499992281198,0.0188420005142688,0.0188420005142688,0
EDRCoin USD,EDRC-USD,2020-12-01,0.0188410002738237,0.0190520007163286,0.0175889991223812,0.0180520005524158,0.0180520005524158,0
EDRCoin USD,EDRC-USD,2020-12-02,0.0180510003119707,0.0185359995812177,0.0176139995455741,0.0184390004724264,0.0184390004724264,0
EDRCoin USD,EDRC-USD,2020-12-03,0.0184330008924007,0.0187839996069669,0.0181690007448196,0.018665000796318,0.018665000796318,0
EDRCoin USD,EDRC-USD,2020-12-04,0.0186700001358985,0.0187309999018907,0.0136489998549222,0.0136940004304051,0.0136940004304051,0
EDRCoin USD,EDRC-USD,2020-12-05,0.0136510003358125,0.0149450004100799,0.013570999726653,0.0139760002493858,0.0139760002493858,0
EDRCoin USD,EDRC-USD,2020-12-06,0.0139830000698566,0.0141550004482269,0.0137970000505447,0.0141160003840923,0.0141160003840923,0
EDRCoin USD,EDRC-USD,2020-12-07,0.014121999964118,0.0141709996387362,0.0138199999928474,0.0140140000730752,0.0140140000730752,0
EDRCoin USD,EDRC-USD,2020-12-08,0.0140100000426173,0.0145260002464056,0.0133419996127486,0.014479000121355,0.014479000121355,0
EDRCoin USD,EDRC-USD,2020-12-09,0.0144739998504519,0.0147150000557303,0.0141719998791813,0.014657000079751,0.014657000079751,0
EDRCoin USD,EDRC-USD,2020-12-10,0.0146580003201961,0.0146580003201961,0.0141860004514455,0.0144279999658465,0.0144279999658465,0
EDRCoin USD,EDRC-USD,2020-12-11,0.0144290002062916,0.0144319999963045,0.013922999612987,0.0142649998888373,0.0142649998888373,0
EDRCoin USD,EDRC-USD,2020-12-12,0.0142670003697276,0.0149459997192025,0.0142559995874762,0.0148560004308819,0.0148560004308819,0
EDRCoin USD,EDRC-USD,2020-12-13,0.0148550001904368,0.0153109999373555,0.0148000000044703,0.0151209998875856,0.0151209998875856,0
EDRCoin USD,EDRC-USD,2020-12-14,0.0151220001280307,0.0152409998700022,0.0137120001018047,0.0138579998165369,0.0138579998165369,0
EDRCoin USD,EDRC-USD,2020-12-15,0.0138579998165369,0.014058000408113,0.0137369995936751,0.0139830000698566,0.0139830000698566,0
EDRCoin USD,EDRC-USD,2020-12-16,0.0139800002798438,0.0154499998316168,0.0138950003311038,0.0153550002723932,0.0153550002723932,0
EDRCoin USD,EDRC-USD,2020-12-17,0.0153419999405741,0.0165500007569789,0.0152890002354979,0.0159610006958246,0.0159610006958246,0
EDRCoin USD,EDRC-USD,2020-12-18,0.0159709993749856,0.0162669997662305,0.0156800001859664,0.0161850005388259,0.0161850005388259,0
EDRCoin USD,EDRC-USD,2020-12-19,0.016194999217987,0.0171009991317987,0.0160729996860027,0.0169430002570152,0.0169430002570152,0
EDRCoin USD,EDRC-USD,2020-12-20,0.0169479995965957,0.0169479995965957,0.0141730001196265,0.0143489995971322,0.0143489995971322,0
EDRCoin USD,EDRC-USD,2020-12-21,0.0143179995939135,0.0146770002320408,0.0135169997811317,0.0139520000666379,0.0139520000666379,0
EDRCoin USD,EDRC-USD,2020-12-22,0.0139119997620582,0.016652999445796,0.0136829996481537,0.0166469998657703,0.0166469998657703,0
EDRCoin USD,EDRC-USD,2020-12-23,0.0166439991444349,0.0168169997632503,0.0159779991954565,0.0162850003689527,0.0162850003689527,0
EDRCoin USD,EDRC-USD,2020-12-24,0.0162710007280111,0.0166379995644092,0.0159440003335475,0.0166319999843835,0.0166319999843835,0
EDRCoin USD,EDRC-USD,2020-12-25,0.0166129991412162,0.017289999872446,0.01180399954319,0.0118429996073246,0.0118429996073246,0
EDRCoin USD,EDRC-USD,2020-12-26,0.0118389995768666,0.0128250000998377,0.0117709999904036,0.0126879997551441,0.0126879997551441,0
EDRCoin USD,EDRC-USD,2020-12-27,0.012691999785602,0.013578999787569,0.0124430004507303,0.0126139996573328,0.0126139996573328,0
EDRCoin USD,EDRC-USD,2020-12-28,0.01261099986732,0.0158859994262456,0.0120850000530481,0.0157089997082948,0.0157089997082948,0
EDRCoin USD,EDRC-USD,2020-12-29,0.0157089997082948,0.0157089997082948,0.0126200001686811,0.0131350001320242,0.0131350001320242,0
EDRCoin USD,EDRC-USD,2020-12-30,0.0131339998915791,0.0138900000602006,0.013132999651134,0.0138320000842213,0.0138320000842213,0
EDRCoin USD,EDRC-USD,2020-12-31,0.0138400001451373,0.0154560003429651,0.0137130003422498,0.0153759997338056,0.0153759997338056,0
EDRCoin USD,EDRC-USD,2021-01-01,0.0153710003942251,0.0155929997563362,0.0135700004175305,0.0138060003519058,0.0138060003519058,0
EDRCoin USD,EDRC-USD,2021-01-02,0.0138060003519058,0.0192300006747245,0.0038199999835342,0.0038499999791383,0.0038499999791383,0
EDRCoin USD,EDRC-USD,2021-01-03,0.0038560000248253,0.004153000190854,0.0038459999486804,0.0039289998821914,0.0039289998821914,0
EDRCoin USD,EDRC-USD,2021-01-04,0.0039340001530945,0.0100320000201463,0.0038999998942017,0.0095899999141693,0.0095899999141693,0
EDRCoin USD,EDRC-USD,2021-01-05,0.0095920003950595,0.0144640002399683,0.009065999649465,0.0142750004306435,0.0142750004306435,0
EDRCoin USD,EDRC-USD,2021-01-06,0.0142750004306435,0.0154889998957514,0.0140760000795125,0.0154820000752806,0.0154820000752806,0
EDRCoin USD,EDRC-USD,2021-01-07,0.0154659999534487,0.0168559998273849,0.0153519995510578,0.0165279991924762,0.0165279991924762,0
EDRCoin USD,EDRC-USD,2021-01-08,0.0165359992533922,0.0176149997860193,0.015472000464797,0.017145000398159,0.017145000398159,0
EDRCoin USD,EDRC-USD,2021-01-09,0.0171349998563528,0.0174020007252693,0.016372000798583,0.016907000914216,0.016907000914216,0
EDRCoin USD,EDRC-USD,2021-01-10,0.016907000914216,0.0173959992825984,0.0151140000671148,0.0161169990897178,0.0161169990897178,0
EDRCoin USD,EDRC-USD,2021-01-11,0.016109999269247,0.016109999269247,0.0128309996798634,0.0149240000173449,0.0149240000173449,0
EDRCoin USD,EDRC-USD,2021-01-12,0.0149379996582865,0.0153590003028512,0.0137329995632171,0.0142299998551607,0.0142299998551607,0
EDRCoin USD,EDRC-USD,2021-01-13,0.0142480004578828,0.0157919991761446,0.0136860003694891,0.0156640000641345,0.0156640000641345,0
EDRCoin USD,EDRC-USD,2021-01-14,0.0156730003654956,0.0167859997600317,0.0154849998652935,0.0164589993655681,0.0164589993655681,0
EDRCoin USD,EDRC-USD,2021-01-15,0.0164589993655681,0.0166229996830225,0.0145570002496242,0.0154280001297593,0.0154280001297593,0
EDRCoin USD,EDRC-USD,2021-01-16,0.0154659999534487,0.0159029997885227,0.0149659998714923,0.0152110001072287,0.0152110001072287,0
EDRCoin USD,EDRC-USD,2021-01-17,0.0152070000767707,0.0154229998588562,0.014309000223875,0.0150250000879168,0.0150250000879168,0
EDRCoin USD,EDRC-USD,2021-01-18,0.0150319999083876,0.0156660005450248,0.0146509995684027,0.0154240000993013,0.0154240000993013,0
EDRCoin USD,EDRC-USD,2021-01-19,0.0153900003060698,0.0158569999039173,0.0151949999853968,0.0151949999853968,0.0151949999853968,0
EDRCoin USD,EDRC-USD,2021-01-20,0.0151509996503591,0.0152789996936917,0.0141000002622604,0.0149609996005892,0.0149609996005892,0
EDRCoin USD,EDRC-USD,2021-01-21,0.0149320000782608,0.0149320000782608,0.0060499999672174,0.006175999995321,0.006175999995321,0
EDRCoin USD,EDRC-USD,2021-01-22,0.0061639999039471,0.0067619998008012,0.0057910000905394,0.0065879998728632,0.0065879998728632,0
EDRCoin USD,EDRC-USD,2021-01-23,0.0066010002046823,0.0178640000522136,0.0062989997677505,0.0176289994269609,0.0176289994269609,0
EDRCoin USD,EDRC-USD,2021-01-24,0.0176320001482963,0.0181189998984336,0.0171089991927146,0.0177720002830028,0.0177720002830028,0
EDRCoin USD,EDRC-USD,2021-01-25,0.0177609995007514,0.0191420000046491,0.0176480002701282,0.0177890006452798,0.0177890006452798,0
EDRCoin USD,EDRC-USD,2021-01-26,0.0178020000457763,0.018037000671029,0.0170670002698898,0.0179299991577863,0.0179299991577863,0
EDRCoin USD,EDRC-USD,2021-01-27,0.0179140008985996,0.0179140008985996,0.0138029996305704,0.0142790004611015,0.0142790004611015,0
EDRCoin USD,EDRC-USD,2021-01-28,0.0143060004338622,0.0159130003303289,0.0141110001131892,0.0157260000705719,0.0157260000705719,0
EDRCoin USD,EDRC-USD,2021-01-29,0.0157290007919073,0.0168990008533,0.0141089996322989,0.0150650003924965,0.0150650003924965,0
EDRCoin USD,EDRC-USD,2021-01-30,0.0151000004261732,0.0153270000591874,0.0144940000027418,0.0150920003652572,0.0150920003652572,0
EDRCoin USD,EDRC-USD,2021-01-31,0.015073999762535,0.0150870000943541,0.014198999851942,0.014581000432372,0.014581000432372,0
EDRCoin USD,EDRC-USD,2021-02-01,0.014568000100553,0.0152409998700022,0.0142489997670054,0.0147430002689361,0.0147430002689361,0
EDRCoin USD,EDRC-USD,2021-02-02,0.014759000390768,0.01579499989748,0.0147350002080202,0.015625,0.015625,0
EDRCoin USD,EDRC-USD,2021-02-03,0.0156309995800256,0.0164909996092319,0.0155950002372264,0.0164669994264841,0.0164669994264841,0
EDRCoin USD,EDRC-USD,2021-02-04,0.0164790004491806,0.0169810000807046,0.0159799996763467,0.0162519998848438,0.0162519998848438,0
EDRCoin USD,EDRC-USD,2021-02-05,0.0162470005452632,0.0168190002441406,0.0161300003528594,0.0167399998754262,0.0167399998754262,0
EDRCoin USD,EDRC-USD,2021-02-06,0.0167740005999803,0.0179719999432563,0.0127069996669888,0.0145159997045993,0.0145159997045993,0
EDRCoin USD,EDRC-USD,2021-02-07,0.0145309995859861,0.0146599998697638,0.013855000026524,0.0143959997221827,0.0143959997221827,0
EDRCoin USD,EDRC-USD,2021-02-08,0.0143950004130601,0.017077000811696,0.0140880001708865,0.017077000811696,0.017077000811696,0
EDRCoin USD,EDRC-USD,2021-02-09,0.017094999551773,0.0177609995007514,0.016712000593543,0.0171959996223449,0.0171959996223449,0
EDRCoin USD,EDRC-USD,2021-02-10,0.0171980001032352,0.0174439996480941,0.0162470005452632,0.0166229996830225,0.0166229996830225,0
EDRCoin USD,EDRC-USD,2021-02-11,0.0166200008243322,0.0179309993982315,0.0163490008562803,0.0177170000970363,0.0177170000970363,0
EDRCoin USD,EDRC-USD,2021-02-12,0.0177260003983974,0.0180360004305839,0.0171770006418228,0.0175829995423555,0.0175829995423555,0
EDRCoin USD,EDRC-USD,2021-02-13,0.0175769999623298,0.0177699998021125,0.0167009998112916,0.0169600006192922,0.0169600006192922,0
EDRCoin USD,EDRC-USD,2021-02-14,0.0169580001384019,0.0187180005013942,0.0169580001384019,0.0180290006101131,0.0180290006101131,0
EDRCoin USD,EDRC-USD,2021-02-15,0.0180249996483325,0.0180840007960796,0.0171489994972944,0.0177459996193647,0.0177459996193647,0
EDRCoin USD,EDRC-USD,2021-02-16,0.0177389997988939,0.0186260007321834,0.0174640007317066,0.0182179994881153,0.0182179994881153,0
EDRCoin USD,EDRC-USD,2021-02-17,0.0182050000876188,0.019438000395894,0.0181569997221231,0.0192990005016326,0.0192990005016326,0
EDRCoin USD,EDRC-USD,2021-02-18,0.0192959997802972,0.0194150004535913,0.0188759993761777,0.0191270001232624,0.0191270001232624,0
EDRCoin USD,EDRC-USD,2021-02-19,0.0191220007836818,0.0207620002329349,0.0188469998538494,0.0206819996237754,0.0206819996237754,0
EDRCoin USD,EDRC-USD,2021-02-20,0.0206790007650852,0.0212769992649555,0.0202120002359151,0.0207579992711544,0.0207579992711544,0
EDRCoin USD,EDRC-USD,2021-02-21,0.0207570008933544,0.0215819999575614,0.0205990001559257,0.0212910007685422,0.0212910007685422,0
EDRCoin USD,EDRC-USD,2021-02-22,0.0212900005280971,0.0212900005280971,0.0181179996579885,0.0200619995594024,0.0200619995594024,0
EDRCoin USD,EDRC-USD,2021-02-23,0.0200570002198219,0.0200570002198219,0.0126809999346733,0.0136209996417164,0.0136209996417164,0
EDRCoin USD,EDRC-USD,2021-02-24,0.013667999766767,0.0143609996885061,0.0132200000807642,0.0139020001515746,0.0139020001515746,0
EDRCoin USD,EDRC-USD,2021-02-25,0.0139159997925162,0.0145460003986954,0.0131949996575713,0.0132670002058148,0.0132670002058148,0
EDRCoin USD,EDRC-USD,2021-02-26,0.0131980003789067,0.013315999880433,0.0111140003427863,0.0115670002996921,0.0115670002996921,0
EDRCoin USD,EDRC-USD,2021-02-27,0.011583000421524,0.0120630003511905,0.0113169997930526,0.0115679996088147,0.0115679996088147,0
EDRCoin USD,EDRC-USD,2021-02-28,0.0115520004183053,0.0116790002211928,0.0108099998906254,0.0112749999389052,0.0112749999389052,0
EDRCoin USD,EDRC-USD,2021-03-01,0.011281999759376,0.0124460002407431,0.0112789999693632,0.0124070001766085,0.0124070001766085,0
EDRCoin USD,EDRC-USD,2021-03-02,0.0124120004475116,0.0125320004299283,0.0118070002645254,0.0120940003544092,0.0120940003544092,0
EDRCoin USD,EDRC-USD,2021-03-03,0.0120949996635317,0.0131339998915791,0.0120689999312162,0.0126379998400807,0.0126379998400807,0
EDRCoin USD,EDRC-USD,2021-03-04,0.0126379998400807,0.0150969997048377,0.0119200004264712,0.0150549998506903,0.0150549998506903,0
EDRCoin USD,EDRC-USD,2021-03-05,0.0150539996102452,0.0153130004182457,0.0144279999658465,0.0151699995622038,0.0151699995622038,0
EDRCoin USD,EDRC-USD,2021-03-06,0.015166999772191,0.0152359995990991,0.0146540002897381,0.0151650002226233,0.0151650002226233,0
EDRCoin USD,EDRC-USD,2021-03-07,0.0151650002226233,0.0159019995480775,0.0149649996310472,0.0153679996728897,0.0153679996728897,0
EDRCoin USD,EDRC-USD,2021-03-08,0.0153679996728897,0.0156919993460178,0.014852000400424,0.0156730003654956,0.0156730003654956,0
EDRCoin USD,EDRC-USD,2021-03-09,0.0156740006059408,0.0164449997246265,0.0155950002372264,0.0164299998432397,0.0164299998432397,0
EDRCoin USD,EDRC-USD,2021-03-10,0.0164429992437362,0.0171690005809068,0.0159869994968175,0.0168159995228052,0.0168159995228052,0
EDRCoin USD,EDRC-USD,2021-03-11,0.0168030001223087,0.0174269992858171,0.0163499992340803,0.0173300001770257,0.0173300001770257,0
EDRCoin USD,EDRC-USD,2021-03-12,0.017340999096632,0.0173990000039339,0.0132900001481175,0.013766000047326,0.013766000047326,0
EDRCoin USD,EDRC-USD,2021-03-13,0.0137599995359778,0.0148040000349283,0.0134920002892613,0.0146989999338984,0.0146989999338984,0
EDRCoin USD,EDRC-USD,2021-03-14,0.0146979996934533,0.0147839998826384,0.0142440004274249,0.0142440004274249,0.0142440004274249,0
EDRCoin USD,EDRC-USD,2021-03-15,0.0142329996451735,0.0145300002768635,0.0132940001785755,0.0134169999510049,0.0134169999510049,0
EDRCoin USD,EDRC-USD,2021-03-16,0.0134180001914501,0.0136339999735355,0.0128530003130435,0.0136289997026324,0.0136289997026324,0
EDRCoin USD,EDRC-USD,2021-03-17,0.0136329997330904,0.0141529999673366,0.0130869997665286,0.0141230002045631,0.0141230002045631,0
EDRCoin USD,EDRC-USD,2021-03-18,0.0141289997845888,0.0144279999658465,0.0130209997296333,0.0138870002701878,0.0138870002701878,0
EDRCoin USD,EDRC-USD,2021-03-19,0.0138860000297427,0.014279999770224,0.0134169999510049,0.0134169999510049,0.0134169999510049,0
EDRCoin USD,EDRC-USD,2021-03-20,0.0134199997410178,0.0138069996610283,0.0133889997377991,0.0134150004014372,0.0134150004014372,0
EDRCoin USD,EDRC-USD,2021-03-21,0.0134119996801018,0.0135169997811317,0.0128809995949268,0.0132290003821253,0.0132290003821253,0
EDRCoin USD,EDRC-USD,2021-03-22,0.0132299996912479,0.0134479999542236,0.0124859996140003,0.012543000280857,0.012543000280857,0
EDRCoin USD,EDRC-USD,2021-03-23,0.0125420000404119,0.0145560000091791,0.0122980000451207,0.0142379999160766,0.0142379999160766,0
EDRCoin USD,EDRC-USD,2021-03-24,0.0142320003360509,0.0148879997432231,0.0136540001258254,0.0137200001627206,0.0137200001627206,0
EDRCoin USD,EDRC-USD,2021-03-25,0.0137210004031658,0.0138819999992847,0.0132229998707771,0.0134439999237656,0.0134439999237656,0
EDRCoin USD,EDRC-USD,2021-03-26,0.0134429996833205,0.0143349999561905,0.0134110003709793,0.0143309999257326,0.0143309999257326,0
EDRCoin USD,EDRC-USD,2021-03-27,0.0143360001966357,0.0147080002352595,0.0141030000522732,0.0145549997687339,0.0145549997687339,0
EDRCoin USD,EDRC-USD,2021-03-28,0.0145530002191662,0.0147190000861883,0.0143179995939135,0.0145479999482631,0.0145479999482631,0
EDRCoin USD,EDRC-USD,2021-03-29,0.014546999707818,0.0151690002530813,0.0143360001966357,0.0150149995461106,0.0150149995461106,0
EDRCoin USD,EDRC-USD,2021-03-30,0.0150149995461106,0.0154560003429651,0.0148849999532103,0.0153189999982714,0.0153189999982714,0
EDRCoin USD,EDRC-USD,2021-03-31,0.0153189999982714,0.0155819999054074,0.0150089999660849,0.0153179997578263,0.0153179997578263,0
EDRCoin USD,EDRC-USD,2021-04-01,0.0153189999982714,0.0154919996857643,0.0152110001072287,0.0153679996728897,0.0153679996728897,0
EDRCoin USD,EDRC-USD,2021-04-02,0.0153649998828768,0.0156689994037151,0.0153059996664524,0.0154379997402429,0.0154379997402429,0
EDRCoin USD,EDRC-USD,2021-04-03,0.0154400002211332,0.0156289990991354,0.0149779999628663,0.0149819999933242,0.0149819999933242,0
EDRCoin USD,EDRC-USD,2021-04-04,0.0149769997224211,0.0153179997578263,0.0148639995604753,0.0152749996632337,0.0152749996632337,0
EDRCoin USD,EDRC-USD,2021-04-05,0.015277000144124,0.015914000570774,0.015000999905169,0.0159120000898838,0.0159120000898838,0
EDRCoin USD,EDRC-USD,2021-04-06,0.0159460008144378,0.0160590000450611,0.0155649995431303,0.0157219991087913,0.0157219991087913,0
EDRCoin USD,EDRC-USD,2021-04-07,0.0157120004296302,0.0158569999039173,0.0150129999965429,0.0151680000126361,0.0151680000126361,0
EDRCoin USD,EDRC-USD,2021-04-08,0.0151329999789595,0.0157510004937648,0.0150870000943541,0.0157450009137392,0.0157450009137392,0
EDRCoin USD,EDRC-USD,2021-04-09,0.0157469995319843,0.0159130003303289,0.0145079996436834,0.014560000039637,0.014560000039637,0
EDRCoin USD,EDRC-USD,2021-04-10,0.0145610002800822,0.0153189999982714,0.0145100001245737,0.0149480002000927,0.0149480002000927,0
EDRCoin USD,EDRC-USD,2021-04-11,0.0149480002000927,0.0162269994616508,0.0077379997819662,0.0150520000606775,0.0150520000606775,0
EDRCoin USD,EDRC-USD,2021-04-12,0.0150509998202323,0.0156810004264116,0.0131789995357394,0.0131850000470876,0.0131850000470876,0
EDRCoin USD,EDRC-USD,2021-04-13,0.0131769999861717,0.0140230003744363,0.013171000406146,0.0139920003712177,0.0139920003712177,0
EDRCoin USD,EDRC-USD,2021-04-14,0.0139709999784827,0.0168639998883008,0.0139530003070831,0.0163989998400211,0.0163989998400211,0
EDRCoin USD,EDRC-USD,2021-04-15,0.0164090003818273,0.0255290009081363,0.01626200042665,0.0253139995038509,0.0253139995038509,0
EDRCoin USD,EDRC-USD,2021-04-16,0.0253260005265474,0.0260739997029304,0.0174649991095066,0.0252759996801614,0.0252759996801614,0
EDRCoin USD,EDRC-USD,2021-04-17,0.0252449996769428,0.025654999539256,0.0247479993849992,0.0248959995806217,0.0248959995806217,0
EDRCoin USD,EDRC-USD,2021-04-18,0.0248799994587898,0.0250339992344379,0.0211459994316101,0.0213600005954504,0.0213600005954504,0
EDRCoin USD,EDRC-USD,2021-04-19,0.0213619992136955,0.0235360004007816,0.0211890004575252,0.0228649992495775,0.0228649992495775,0
EDRCoin USD,EDRC-USD,2021-04-20,0.0228470005095005,0.0233950000256299,0.0219139996916055,0.0231309998780488,0.0231309998780488,0
EDRCoin USD,EDRC-USD,2021-04-21,0.0231539998203516,0.0232710000127553,0.016109000891447,0.0161700006574392,0.0161700006574392,0
EDRCoin USD,EDRC-USD,2021-04-22,0.0161719992756843,0.0171770006418228,0.0151749998331069,0.0155400000512599,0.0155400000512599,0
EDRCoin USD,EDRC-USD,2021-04-23,0.0155290002003312,0.0205109994858503,0.0143139995634555,0.0204380005598068,0.0204380005598068,0
EDRCoin USD,EDRC-USD,2021-04-24,0.0204370003193616,0.0204670000821352,0.0195220001041889,0.020023999735713,0.020023999735713,0
EDRCoin USD,EDRC-USD,2021-04-25,0.0200200006365776,0.0202019996941089,0.0188640002161264,0.0195989999920129,0.0195989999920129,0
EDRCoin USD,EDRC-USD,2021-04-26,0.0196020007133483,0.0217150002717971,0.019540999084711,0.0216029994189739,0.0216029994189739,0
EDRCoin USD,EDRC-USD,2021-04-27,0.0216090008616447,0.0221670009195804,0.0213280003517866,0.0219930000603199,0.0219930000603199,0
EDRCoin USD,EDRC-USD,2021-04-28,0.0220129992812871,0.0224910005927085,0.0215550009161233,0.0219229999929666,0.0219229999929666,0
EDRCoin USD,EDRC-USD,2021-04-29,0.0219299998134374,0.0220459997653961,0.0213869996368885,0.0219659991562366,0.0219659991562366,0
EDRCoin USD,EDRC-USD,2021-04-30,0.0219579990953207,0.0237390007823705,0.0217829998582601,0.0236869994550943,0.0236869994550943,0
EDRCoin USD,EDRC-USD,2021-05-01,0.0236779991537332,0.023964000865817,0.0233910009264946,0.0237080007791519,0.0237080007791519,0
EDRCoin USD,EDRC-USD,2021-05-02,0.023709999397397,0.0240030009299516,0.0117899999022483,0.0237809997051954,0.0237809997051954,0
EDRCoin USD,EDRC-USD,2021-05-03,0.0237850006669759,0.0261739995330572,0.0237680003046989,0.025722999125719,0.025722999125719,0
EDRCoin USD,EDRC-USD,2021-05-04,0.0257399994879961,0.0295919999480247,0.0247419998049736,0.028770999982953,0.028770999982953,0
EDRCoin USD,EDRC-USD,2021-05-05,0.0287999995052814,0.0312720015645027,0.0286030005663633,0.0310200005769729,0.0310200005769729,0
EDRCoin USD,EDRC-USD,2021-05-06,0.0310089997947216,0.0315160006284713,0.0299069993197917,0.0304329991340637,0.0304329991340637,0
EDRCoin USD,EDRC-USD,2021-05-07,0.0304540004581213,0.0316479988396167,0.029874000698328,0.0309660006314516,0.0309660006314516,0
EDRCoin USD,EDRC-USD,2021-05-08,0.0309720002114772,0.0321110002696514,0.030766999348998,0.0311459992080926,0.0311459992080926,0
EDRCoin USD,EDRC-USD,2021-05-09,0.0311660002917051,0.0315629988908767,0.0305000003427267,0.0314380005002021,0.0314380005002021,0
EDRCoin USD,EDRC-USD,2021-05-10,0.0314450003206729,0.0321400016546249,0.0291990004479885,0.0301450006663799,0.0301450006663799,0
EDRCoin USD,EDRC-USD,2021-05-11,0.030163999646902,0.0329309999942779,0.0294889993965625,0.0328940004110336,0.0328940004110336,0
EDRCoin USD,EDRC-USD,2021-05-12,0.032889001071453,0.0358529984951019,0.0314470008015632,0.0314470008015632,0.0314470008015632,0
EDRCoin USD,EDRC-USD,2021-05-13,0.0309650003910064,0.0323380008339881,0.0295969992876052,0.0313289985060691,0.0313289985060691,0
EDRCoin USD,EDRC-USD,2021-05-14,0.0313210003077983,0.0328649990260601,0.0307870004326105,0.0319189988076686,0.0319189988076686,0
EDRCoin USD,EDRC-USD,2021-05-15,0.0319239981472492,0.0324090011417865,0.0298650003969669,0.0299469996243715,0.0299469996243715,0
EDRCoin USD,EDRC-USD,2021-05-16,0.0299270004034042,0.0318210013210773,0.0281370002776384,0.029746999964118,0.029746999964118,0
EDRCoin USD,EDRC-USD,2021-05-17,0.0297320000827312,0.0298389997333288,0.027013000100851,0.0277570001780986,0.0277570001780986,0
EDRCoin USD,EDRC-USD,2021-05-18,0.0278639998286962,0.0293199997395277,0.027115000411868,0.0275159999728202,0.0275159999728202,0
EDRCoin USD,EDRC-USD,2021-05-19,0.0274620000272989,0.0278699994087219,0.0196359995752573,0.0237799994647502,0.0237799994647502,0
EDRCoin USD,EDRC-USD,2021-05-20,0.0236820001155138,0.0271760001778602,0.0224319994449615,0.0260060001164674,0.0260060001164674,0
EDRCoin USD,EDRC-USD,2021-05-21,0.0261010006070137,0.0269900001585483,0.0215150006115436,0.0238690003752708,0.0238690003752708,0
EDRCoin USD,EDRC-USD,2021-05-22,0.0238749999552965,0.0248520001769065,0.0226460006088018,0.0240090005099773,0.0240090005099773,0
EDRCoin USD,EDRC-USD,2021-05-23,0.0240230001509189,0.0245050005614757,0.0199859999120235,0.0222880002111196,0.0222880002111196,0
EDRCoin USD,EDRC-USD,2021-05-24,0.0222529992461204,0.0254939999431371,0.0221129991114139,0.0247380007058382,0.0247380007058382,0
EDRCoin USD,EDRC-USD,2021-05-25,0.0247719995677471,0.0254570003598928,0.023412000387907,0.0245190002024173,0.0245190002024173,0
EDRCoin USD,EDRC-USD,2021-05-26,0.0245769992470741,0.0261010006070137,0.0242599993944168,0.0251650009304285,0.0251650009304285,0
EDRCoin USD,EDRC-USD,2021-05-27,0.0251480005681514,0.0258430000394582,0.0238390006124973,0.0245970003306865,0.0245970003306865,0
EDRCoin USD,EDRC-USD,2021-05-28,0.0245999991893768,0.0248680002987384,0.0222590006887912,0.0228259991854429,0.0228259991854429,0
EDRCoin USD,EDRC-USD,2021-05-29,0.0228460002690553,0.0238300003111362,0.0215639993548393,0.0221330001950263,0.0221330001950263,0
EDRCoin USD,EDRC-USD,2021-05-30,0.0221539996564388,0.0232960004359483,0.0214530006051063,0.0228230003267526,0.0228230003267526,0
EDRCoin USD,EDRC-USD,2021-05-31,0.0228339992463588,0.0239799991250038,0.0219149999320507,0.0238819997757673,0.0238819997757673,0
EDRCoin USD,EDRC-USD,2021-06-01,0.0238930005580186,0.0242539998143911,0.0139570003375411,0.0142999999225139,0.0142999999225139,0
EDRCoin USD,EDRC-USD,2021-06-02,0.0143069997429847,0.0149100003764033,0.0140270004048943,0.0146669996902346,0.0146669996902346,0
EDRCoin USD,EDRC-USD,2021-06-03,0.0146540002897381,0.0153970001265406,0.0145250000059604,0.0152909997850656,0.0152909997850656,0
EDRCoin USD,EDRC-USD,2021-06-04,0.0153050003573298,0.0153050003573298,0.0139300003647804,0.0143950004130601,0.0143950004130601,0
EDRCoin USD,EDRC-USD,2021-06-05,0.0143889999017119,0.0147879999130964,0.0136110000312328,0.0138640003278851,0.0138640003278851,0
EDRCoin USD,EDRC-USD,2021-06-06,0.0138649996370077,0.0142099997028708,0.0137689998373389,0.0139830000698566,0.0139830000698566,0
EDRCoin USD,EDRC-USD,2021-06-07,0.0139859998598694,0.0143480002880096,0.013057000003755,0.0131130004301667,0.0131130004301667,0
EDRCoin USD,EDRC-USD,2021-06-08,0.0131000000983476,0.0132670002058148,0.0121349999681115,0.013057000003755,0.013057000003755,0
EDRCoin USD,EDRC-USD,2021-06-09,0.0130540002137422,0.0146399997174739,0.0126660000532865,0.0145439999178051,0.0145439999178051,0
EDRCoin USD,EDRC-USD,2021-06-10,0.0145650003105402,0.0149499997496604,0.0139809995889663,0.0143109997734427,0.0143109997734427,0
EDRCoin USD,EDRC-USD,2021-06-11,0.0143139995634555,0.0146669996902346,0.0140570001676678,0.0145370000973343,0.0145370000973343,0
EDRCoin USD,EDRC-USD,2021-06-12,0.014560000039637,0.0145889995619654,0.0135439997538924,0.0138490004464983,0.0138490004464983,0
EDRCoin USD,EDRC-USD,2021-06-13,0.0138649996370077,0.0153360003605484,0.0135970003902912,0.0152460001409053,0.0152460001409053,0
EDRCoin USD,EDRC-USD,2021-06-14,0.015247999690473,0.015982000157237,0.0151150003075599,0.0155980000272393,0.0155980000272393,1
EDRCoin USD,EDRC-USD,2021-06-15,0.015744000673294,0.0161049999296665,0.0154480002820491,0.0157660003751516,0.0157660003751516,1
EDRCoin USD,EDRC-USD,2021-06-16,0.0156609993427991,0.0158019997179508,0.0148889999836683,0.0149520002305507,0.0149520002305507,0
EDRCoin USD,EDRC-USD,2021-06-17,0.0149550000205636,0.0154100004583597,0.0146009996533393,0.0148409996181726,0.0148409996181726,0
EDRCoin USD,EDRC-USD,2021-06-18,0.0148409996181726,0.0148930000141263,0.0137499999254941,0.0139570003375411,0.0139570003375411,0
EDRCoin USD,EDRC-USD,2021-06-19,0.0139570003375411,0.0142190000042319,0.0136240003630518,0.0138900000602006,0.0138900000602006,0
EDRCoin USD,EDRC-USD,2021-06-20,0.0138900000602006,0.0140629997476935,0.0130390003323555,0.0139220003038644,0.0139220003038644,0
EDRCoin USD,EDRC-USD,2021-06-21,0.0139220003038644,0.0139309996739029,0.0122050000354647,0.0123539995402097,0.0123539995402097,0
EDRCoin USD,EDRC-USD,2021-06-22,0.0123539995402097,0.012984000146389,0.0112690003588795,0.0126639995723962,0.0126639995723962,0
EDRCoin USD,EDRC-USD,2021-06-23,0.0126769999042153,0.0135420002043247,0.0123910000547766,0.0131649998947978,0.0131649998947978,0
EDRCoin USD,EDRC-USD,2021-06-24,0.013124999590218,0.0137390000745654,0.0126299997791647,0.0135260000824928,0.0135260000824928,0
EDRCoin USD,EDRC-USD,2021-06-25,0.0135180000215768,0.0138400001451373,0.0119129996746778,0.0120270000770688,0.0120270000770688,0
EDRCoin USD,EDRC-USD,2021-06-26,0.0120219998061656,0.0124019999057054,0.0114700002595782,0.0121980002149939,0.0121980002149939,0
EDRCoin USD,EDRC-USD,2021-06-27,0.0122309997677803,0.0131689999252557,0.0121870003640651,0.0131489997729659,0.0131489997729659,0
EDRCoin USD,EDRC-USD,2021-06-28,0.013167000375688,0.0133840003982186,0.0128830000758171,0.0130930002778768,0.0130930002778768,0
EDRCoin USD,EDRC-USD,2021-06-29,0.0130850002169609,0.0138860000297427,0.0130160003900527,0.0136519996449351,0.0136519996449351,0
EDRCoin USD,EDRC-USD,2021-06-30,0.0136299999430775,0.0137080000713467,0.0129530001431703,0.0133130000904202,0.0133130000904202,0
EDRCoin USD,EDRC-USD,2021-07-01,0.013315999880433,0.013315999880433,0.0124960001558065,0.0127440001815557,0.0127440001815557,0
EDRCoin USD,EDRC-USD,2021-07-02,0.0127569995820522,0.0128969997167587,0.0124530000612139,0.0128819998353719,0.0128819998353719,0
EDRCoin USD,EDRC-USD,2021-07-03,0.0128809995949268,0.0132659999653697,0.0126930000260472,0.013175000436604,0.013175000436604,0
EDRCoin USD,EDRC-USD,2021-07-04,0.0131740001961588,0.0136559996753931,0.0130709996446967,0.0134060001000761,0.0134060001000761,0
EDRCoin USD,EDRC-USD,2021-07-05,0.013408999890089,0.013408999890089,0.0126210004091262,0.0128520000725984,0.0128520000725984,0
EDRCoin USD,EDRC-USD,2021-07-06,0.0128229996189475,0.0133149996399879,0.0127680003643035,0.0129969995468854,0.0129969995468854,0
EDRCoin USD,EDRC-USD,2021-07-07,0.0130089996382594,0.0132990004494786,0.0128589998930692,0.0128589998930692,0.0128589998930692,0
EDRCoin USD,EDRC-USD,2021-07-08,0.0128650004044175,0.0128849996253848,0.0122109996154904,0.0124810002744197,0.0124810002744197,0
EDRCoin USD,EDRC-USD,2021-07-09,0.0124930003657937,0.0129359997808933,0.0122809996828436,0.0128680001944303,0.0128680001944303,0
EDRCoin USD,EDRC-USD,2021-07-10,0.0128429997712373,0.0129990000277757,0.0125839998945593,0.0127330003306269,0.0127330003306269,0
EDRCoin USD,EDRC-USD,2021-07-11,0.0127379996702075,0.013141999952495,0.0126719996333122,0.0130099998787045,0.0130099998787045,0
EDRCoin USD,EDRC-USD,2021-07-12,0.0130110001191496,0.0130470003932714,0.0120980003848671,0.0122689995914697,0.0122689995914697,0
EDRCoin USD,EDRC-USD,2021-07-13,0.0122680002823472,0.0129979997873306,0.0121680004522204,0.0127510000020265,0.0127510000020265,0
EDRCoin USD,EDRC-USD,2021-07-14,0.0127539997920393,0.0128939999267458,0.0091749997809529,0.0128009999170899,0.0128009999170899,0
EDRCoin USD,EDRC-USD,2021-07-15,0.0128009999170899,0.0129319997504353,0.0109120002016425,0.0110980002209544,0.0110980002209544,0
EDRCoin USD,EDRC-USD,2021-07-16,0.0111229997128248,0.0112760001793503,0.0108850002288818,0.0109999999403953,0.0109999999403953,0
EDRCoin USD,EDRC-USD,2021-07-17,0.0109980003908276,0.0111779998987913,0.0093930000439286,0.0094579998403787,0.0094579998403787,0
EDRCoin USD,EDRC-USD,2021-07-18,0.009460000321269,0.0097200004383921,0.0093649998307228,0.0095359999686479,0.0095359999686479,0
EDRCoin USD,EDRC-USD,2021-07-19,0.0095389997586607,0.0095659997314214,0.0091690002009272,0.0092449998483061,0.0092449998483061,0
EDRCoin USD,EDRC-USD,2021-07-20,0.0092449998483061,0.0093019995838403,0.0088080000132322,0.0089419996365904,0.0089419996365904,0
EDRCoin USD,EDRC-USD,2021-07-21,0.0089419996365904,0.0098259998485445,0.0088579999282956,0.0096330000087618,0.0096330000087618,0
EDRCoin USD,EDRC-USD,2021-07-22,0.0096330000087618,0.0097730001434683,0.009523999877274,0.009693999774754,0.009693999774754,0
EDRCoin USD,EDRC-USD,2021-07-23,0.009693999774754,0.0100739998742938,0.0096169998869299,0.0100739998742938,0.0100739998742938,0
EDRCoin USD,EDRC-USD,2021-07-24,0.0100739998742938,0.0103470003232359,0.0100269997492432,0.0102819995954632,0.0102819995954632,0
EDRCoin USD,EDRC-USD,2021-07-25,0.0102880001068115,0.0106049999594688,0.010165000334382,0.0106049999594688,0.0106049999594688,0
EDRCoin USD,EDRC-USD,2021-07-26,0.0106149995699524,0.0121499998494982,0.0105860000476241,0.0112119996920228,0.0112119996920228,0
EDRCoin USD,EDRC-USD,2021-07-27,0.011200999841094,0.0118180001154541,0.0109329996630549,0.0118180001154541,0.0118180001154541,0
EDRCoin USD,EDRC-USD,2021-07-28,0.0118220001459121,0.0142860002815723,0.0116959996521472,0.0140070002526044,0.0140070002526044,0
EDRCoin USD,EDRC-USD,2021-07-29,0.0139990001916885,0.0140819996595382,0.0106600001454353,0.0107969995588064,0.0107969995588064,0
EDRCoin USD,EDRC-USD,2021-07-30,0.0108019998297095,0.0113789997994899,0.0103669995442032,0.011374999769032,0.011374999769032,0
EDRCoin USD,EDRC-USD,2021-07-31,0.0114040002226829,0.0114040002226829,0.0110999997705221,0.0112610002979636,0.0112610002979636,0
EDRCoin USD,EDRC-USD,2021-08-01,0.0112389996647834,0.0114860003814101,0.0106760002672672,0.0108179999515414,0.0108179999515414,0
EDRCoin USD,EDRC-USD,2021-08-02,0.010793000459671,0.0109130004420876,0.0104620000347495,0.0105779999867081,0.0105779999867081,0
EDRCoin USD,EDRC-USD,2021-08-03,0.0105849998071789,0.0107330000028014,0.0090680001303553,0.0091530000790953,0.0091530000790953,0
EDRCoin USD,EDRC-USD,2021-08-04,0.0091570001095533,0.0095889996737241,0.0090309996157884,0.009545000270009,0.009545000270009,0
EDRCoin USD,EDRC-USD,2021-08-05,0.0095389997586607,0.0099219996482133,0.0089900000020861,0.0098090004175901,0.0098090004175901,0
EDRCoin USD,EDRC-USD,2021-08-06,0.0098090004175901,0.0103850001469254,0.0095840003341436,0.0102930003777146,0.0102930003777146,0
EDRCoin USD,EDRC-USD,2021-08-07,0.0102760000154376,0.0107260001823306,0.0102279996499419,0.0107230003923177,0.0107230003923177,0
EDRCoin USD,EDRC-USD,2021-08-08,0.0106929996982216,0.0108679998666048,0.0104000000283122,0.0105010000988841,0.0105010000988841,0
EDRCoin USD,EDRC-USD,2021-08-09,0.0105119999498128,0.0111499996855854,0.0102840000763535,0.0111090000718832,0.0111090000718832,0
EDRCoin USD,EDRC-USD,2021-08-10,0.0111279999837279,0.011192999780178,0.0107289999723434,0.0109350001439452,0.0109350001439452,0
EDRCoin USD,EDRC-USD,2021-08-11,0.0109400004148483,0.0112169999629259,0.0108839999884366,0.0109580000862479,0.0109580000862479,0
EDRCoin USD,EDRC-USD,2021-08-12,0.010941999964416,0.0110950004309415,0.0105269998311996,0.0106640001758933,0.0106640001758933,0
EDRCoin USD,EDRC-USD,2021-08-13,0.0106629999354481,0.0114799998700618,0.0106279999017715,0.0114799998700618,0.0114799998700618,0
EDRCoin USD,EDRC-USD,2021-08-14,0.0114700002595782,0.0146549995988607,0.011125000193715,0.0145920002833008,0.0145920002833008,0
EDRCoin USD,EDRC-USD,2021-08-15,0.0146000003442168,0.0146810002624988,0.0141300000250339,0.0145979998633265,0.0145979998633265,0
EDRCoin USD,EDRC-USD,2021-08-16,0.01458500046283,0.0148790003731846,0.0141669996082782,0.0142750004306435,0.0142750004306435,0
EDRCoin USD,EDRC-USD,2021-08-17,0.0142609998583793,0.0146129997447133,0.0137989996001124,0.0138569995760917,0.0138569995760917,0
EDRCoin USD,EDRC-USD,2021-08-18,0.0138560002669692,0.0142449997365474,0.013752999715507,0.0138950003311038,0.0138950003311038,0
EDRCoin USD,EDRC-USD,2021-08-19,0.0138879995793104,0.0145610002800822,0.0136390002444386,0.014479000121355,0.014479000121355,0
EDRCoin USD,EDRC-USD,2021-08-20,0.0144819999113678,0.0152960000559687,0.014461999759078,0.0152960000559687,0.0152960000559687,0
EDRCoin USD,EDRC-USD,2021-08-21,0.0152949998155236,0.0154120000079274,0.0149769997224211,0.0151680000126361,0.0151680000126361,0
EDRCoin USD,EDRC-USD,2021-08-22,0.0151610001921653,0.0153360003605484,0.0149419996887445,0.0152930002659559,0.0152930002659559,0
EDRCoin USD,EDRC-USD,2021-08-23,0.0152899995446205,0.0156490001827478,0.0152129996567964,0.0153559995815157,0.0153559995815157,0
EDRCoin USD,EDRC-USD,2021-08-24,0.0153590003028512,0.0154619999229907,0.0147829996421933,0.0148040000349283,0.0148040000349283,0
EDRCoin USD,EDRC-USD,2021-08-25,0.0147890001535415,0.0152529999613761,0.0146209998056292,0.0151779996231198,0.0151779996231198,0
EDRCoin USD,EDRC-USD,2021-08-26,0.0151779996231198,0.0152979996055364,0.0143860001116991,0.0145519999787211,0.0145519999787211,0
EDRCoin USD,EDRC-USD,2021-08-27,0.0145519999787211,0.0152249997481703,0.0143879996612668,0.0152080003172159,0.0152080003172159,0
EDRCoin USD,EDRC-USD,2021-08-28,0.0152080003172159,0.0152719998732209,0.0116400001570582,0.0117380004376173,0.0117380004376173,0
EDRCoin USD,EDRC-USD,2021-08-29,0.0117370001971721,0.0119150001555681,0.0115200001746416,0.0117189995944499,0.0117189995944499,0
EDRCoin USD,EDRC-USD,2021-08-30,0.0117189995944499,0.0117419995367527,0.0112680001184344,0.011277999728918,0.011277999728918,0
EDRCoin USD,EDRC-USD,2021-08-31,0.0112929996103048,0.0149389998987317,0.0112199997529387,0.0146340001374483,0.0146340001374483,0
EDRCoin USD,EDRC-USD,2021-09-01,0.0146150002256035,0.0148329995572566,0.011384000070393,0.0117260003462433,0.0117260003462433,0
EDRCoin USD,EDRC-USD,2021-09-02,0.0117229996249079,0.0120820002630352,0.0116769997403025,0.011842000298202,0.011842000298202,0
EDRCoin USD,EDRC-USD,2021-09-03,0.0118389995768666,0.0122360000386834,0.0116130001842975,0.0120099997147917,0.0120099997147917,0
EDRCoin USD,EDRC-USD,2021-09-04,0.0120059996843338,0.0121309999376535,0.0118920002132654,0.011986999772489,0.011986999772489,0
EDRCoin USD,EDRC-USD,2021-09-05,0.011986999772489,0.0124479997903108,0.0118890004232525,0.012419999577105,0.012419999577105,0
EDRCoin USD,EDRC-USD,2021-09-06,0.0124209998175501,0.0126480003818869,0.0122729996219277,0.012636000290513,0.012636000290513,0
EDRCoin USD,EDRC-USD,2021-09-07,0.012632000260055,0.0126849999651312,0.0103879999369382,0.0112370001152157,0.0112370001152157,0
EDRCoin USD,EDRC-USD,2021-09-08,0.0112349996343255,0.0113599998876452,0.0106950001791119,0.0110619999468326,0.0110619999468326,0
EDRCoin USD,EDRC-USD,2021-09-09,0.0109900003299117,0.0113430004566907,0.0109609998762607,0.0111309997737407,0.0111309997737407,0
EDRCoin USD,EDRC-USD,2021-09-10,0.0111339995637536,0.0112880002707242,0.0106429997831583,0.0107690002769231,0.0107690002769231,0
EDRCoin USD,EDRC-USD,2021-09-11,0.010772000066936,0.0110330004245042,0.0107559999451041,0.0108439996838569,0.0108439996838569,0
EDRCoin USD,EDRC-USD,2021-09-12,0.0108479997143149,0.0111279999837279,0.0107500003650784,0.0110640004277229,0.0110640004277229,0
EDRCoin USD,EDRC-USD,2021-09-13,0.0110550001263618,0.013047999702394,0.0106180002912878,0.0125900004059076,0.0125900004059076,0
EDRCoin USD,EDRC-USD,2021-09-14,0.0125900004059076,0.0132210003212094,0.0125310001894831,0.0131810000166296,0.0131810000166296,0
EDRCoin USD,EDRC-USD,2021-09-15,0.0131860002875328,0.0135660003870725,0.0130970003083348,0.0134889995679259,0.0134889995679259,0
EDRCoin USD,EDRC-USD,2021-09-16,0.0134889995679259,0.0140610001981258,0.0133699998259544,0.0138560002669692,0.0138560002669692,0
EDRCoin USD,EDRC-USD,2021-09-17,0.0138569995760917,0.0139669999480247,0.0117079997435212,0.0118070002645254,0.0118070002645254,0
EDRCoin USD,EDRC-USD,2021-09-18,0.011816999875009,0.0140669997781515,0.0117720002308487,0.0139920003712177,0.0139920003712177,0
EDRCoin USD,EDRC-USD,2021-09-19,0.0140009997412562,0.0140150003135204,0.0136070000007748,0.0137090003117918,0.0137090003117918,0
EDRCoin USD,EDRC-USD,2021-09-20,0.0137050002813339,0.0137250004336237,0.0123539995402097,0.0124350003898143,0.0124350003898143,0
EDRCoin USD,EDRC-USD,2021-09-21,0.0124249998480081,0.0126459999009966,0.0115379998460412,0.0118009997531771,0.0118009997531771,0
EDRCoin USD,EDRC-USD,2021-09-22,0.0117969997227191,0.0127539997920393,0.0117809996008872,0.0126369995996356,0.0126369995996356,0
EDRCoin USD,EDRC-USD,2021-09-23,0.012632000260055,0.0130329998210072,0.0125019997358322,0.0130209997296333,0.0130209997296333,0
EDRCoin USD,EDRC-USD,2021-09-24,0.0130200004205107,0.0130730001255869,0.0118720000609755,0.012423999607563,0.012423999607563,0
EDRCoin USD,EDRC-USD,2021-09-25,0.012423999607563,0.0124690001830458,0.0121099995449185,0.0123880002647638,0.0123880002647638,0
EDRCoin USD,EDRC-USD,2021-09-26,0.0123880002647638,0.0127370003610849,0.01184600032866,0.0125380000099539,0.0125380000099539,0
EDRCoin USD,EDRC-USD,2021-09-27,0.012529999949038,0.0128509998321533,0.0122349997982382,0.0122480001300573,0.0122480001300573,0
EDRCoin USD,EDRC-USD,2021-09-28,0.0122480001300573,0.0127379996702075,0.0120569998398423,0.0122929997742176,0.0122929997742176,0
EDRCoin USD,EDRC-USD,2021-09-29,0.0123100001364946,0.0127640003338456,0.0122490003705024,0.0124599998816847,0.0124599998816847,0
EDRCoin USD,EDRC-USD,2021-09-30,0.0124690001830458,0.0131379999220371,0.0124329999089241,0.01269599981606,0.01269599981606,0
EDRCoin USD,EDRC-USD,2021-10-01,0.0126989996060729,0.014046000316739,0.0125630004331469,0.013961000367999,0.013961000367999,0
EDRCoin USD,EDRC-USD,2021-10-02,0.0139539996162056,0.0140019999817013,0.0137649998068809,0.013841999694705,0.013841999694705,0
EDRCoin USD,EDRC-USD,2021-10-03,0.0138360001146793,0.0142480004578828,0.0136759998276829,0.0139760002493858,0.0139760002493858,0
EDRCoin USD,EDRC-USD,2021-10-04,0.0139779997989535,0.0143419997766613,0.0136430002748966,0.0142419999465346,0.0142419999465346,0
EDRCoin USD,EDRC-USD,2021-10-05,0.0142430001869797,0.0186620000749826,0.0142310000956058,0.0185369998216629,0.0185369998216629,0
EDRCoin USD,EDRC-USD,2021-10-06,0.0185449998825788,0.0200050007551908,0.0181760005652904,0.0199420005083084,0.0199420005083084,0
EDRCoin USD,EDRC-USD,2021-10-07,0.0199299994856119,0.0199299994856119,0.0192690007388591,0.0193690005689859,0.0193690005689859,0
EDRCoin USD,EDRC-USD,2021-10-08,0.019370000809431,0.0201319996267557,0.019328000023961,0.0194230005145072,0.0194230005145072,0
EDRCoin USD,EDRC-USD,2021-10-09,0.0194279998540878,0.0199430007487535,0.019345000386238,0.0197850000113248,0.0197850000113248,0
EDRCoin USD,EDRC-USD,2021-10-10,0.0197889991104602,0.020304000005126,0.0195349995046854,0.0197320003062486,0.0197320003062486,0
EDRCoin USD,EDRC-USD,2021-10-11,0.019718000665307,0.0208049993962049,0.0196269992738962,0.0206870008260011,0.0206870008260011,0
EDRCoin USD,EDRC-USD,2021-10-12,0.0206950008869171,0.020746000111103,0.0196119993925094,0.0201830007135868,0.0201830007135868,0
EDRCoin USD,EDRC-USD,2021-10-13,0.0201750006526708,0.0207679998129606,0.01957399956882,0.020669000223279,0.020669000223279,0
EDRCoin USD,EDRC-USD,2021-10-14,0.0206640008836984,0.0210369993001222,0.0148090003058314,0.0149069996550679,0.0149069996550679,0
EDRCoin USD,EDRC-USD,2021-10-15,0.014903999865055,0.0163170006126165,0.0147860003635287,0.0160230007022619,0.0160230007022619,0
EDRCoin USD,EDRC-USD,2021-10-16,0.0160140004009008,0.0161910001188516,0.0156539995223283,0.0158300008624792,0.0158300008624792,0
EDRCoin USD,EDRC-USD,2021-10-17,0.0158319994807243,0.0160280000418424,0.0153829995542764,0.0160080008208751,0.0160080008208751,0
EDRCoin USD,EDRC-USD,2021-10-18,0.0160039998590946,0.016279999166727,0.0156030002981424,0.016126999631524,0.016126999631524,0
EDRCoin USD,EDRC-USD,2021-10-19,0.016126999631524,0.0167529992759227,0.0160220004618167,0.0167059991508722,0.0167059991508722,0
EDRCoin USD,EDRC-USD,2021-10-20,0.0167079996317625,0.0174020007252693,0.0165389999747276,0.0171600002795457,0.0171600002795457,0
EDRCoin USD,EDRC-USD,2021-10-21,0.0171579997986555,0.0173160005360841,0.0161509998142719,0.01617700047791,0.01617700047791,0
EDRCoin USD,EDRC-USD,2021-10-22,0.0161749999970197,0.0165660008788108,0.0144290002062916,0.0145669998601078,0.0145669998601078,0
EDRCoin USD,EDRC-USD,2021-10-23,0.0145659996196627,0.014818999916315,0.0143579998984932,0.0147289996966719,0.0147289996966719,0
EDRCoin USD,EDRC-USD,2021-10-24,0.014733999967575,0.0147609999403357,0.0143139995634555,0.0146289998665452,0.0146289998665452,0
EDRCoin USD,EDRC-USD,2021-10-25,0.0146230002865195,0.0152949998155236,0.0145659996196627,0.0151260001584887,0.0151260001584887,0
EDRCoin USD,EDRC-USD,2021-10-26,0.0151300001889467,0.0151749998331069,0.014398000203073,0.0144819999113678,0.0144819999113678,0
EDRCoin USD,EDRC-USD,2021-10-27,0.014487000182271,0.0147439995780587,0.0139699997380375,0.0140450000762939,0.0140450000762939,0
EDRCoin USD,EDRC-USD,2021-10-28,0.0140359997749328,0.0149109996855258,0.0139699997380375,0.014546999707818,0.014546999707818,0
EDRCoin USD,EDRC-USD,2021-10-29,0.0145490001887083,0.015103000216186,0.014479000121355,0.0149400001391768,0.0149400001391768,0
EDRCoin USD,EDRC-USD,2021-10-30,0.0149349998682737,0.0149590000510215,0.0146199995651841,0.0148200001567602,0.0148200001567602,0
EDRCoin USD,EDRC-USD,2021-10-31,0.0148529997095465,0.0149769997224211,0.0144180003553628,0.0147160002961754,0.0147160002961754,0
EDRCoin USD,EDRC-USD,2021-11-01,0.014716999605298,0.0149809997528791,0.0143269998952746,0.0146399997174739,0.0146399997174739,0
EDRCoin USD,EDRC-USD,2021-11-02,0.0146409999579191,0.015417999587953,0.0145619995892047,0.0151699995622038,0.0151699995622038,0
EDRCoin USD,EDRC-USD,2021-11-03,0.0151739995926618,0.0152439996600151,0.0143120000138878,0.0144819999113678,0.0144819999113678,0
EDRCoin USD,EDRC-USD,2021-11-04,0.014483000151813,0.0145180001854896,0.0139840003103017,0.0141399996355175,0.0141399996355175,0
EDRCoin USD,EDRC-USD,2021-11-05,0.0141340000554919,0.0143849998712539,0.0139939999207854,0.014058000408113,0.014058000408113,0
EDRCoin USD,EDRC-USD,2021-11-06,0.0140589997172355,0.0141660002991557,0.013837999664247,0.0141540002077817,0.0141540002077817,0
EDRCoin USD,EDRC-USD,2021-11-07,0.0141510004177689,0.0145579995587468,0.0141289997845888,0.0145570002496242,0.0145570002496242,0
EDRCoin USD,EDRC-USD,2021-11-08,0.0145650003105402,0.0155649995431303,0.0145650003105402,0.0155419996008276,0.0155419996008276,0
EDRCoin USD,EDRC-USD,2021-11-09,0.0155400000512599,0.015761999413371,0.0152679998427629,0.0154109997674822,0.0154109997674822,0
EDRCoin USD,EDRC-USD,2021-11-10,0.0154039999470114,0.0158220008015632,0.0145380003377795,0.014929000288248,0.014929000288248,0
EDRCoin USD,EDRC-USD,2021-11-11,0.0149490004405379,0.0150830000638961,0.0147620001807808,0.0149109996855258,0.0149109996855258,0
EDRCoin USD,EDRC-USD,2021-11-12,0.0149379996582865,0.0150560000911355,0.0143370004370808,0.0147780003026127,0.0147780003026127,0
EDRCoin USD,EDRC-USD,2021-11-13,0.0147559996694326,0.0149309998378157,0.014560000039637,0.0148299997672438,0.0148299997672438,0
EDRCoin USD,EDRC-USD,2021-11-14,0.0148280002176761,0.0150640001520514,0.0146390004083514,0.0150570003315806,0.0150570003315806,0
EDRCoin USD,EDRC-USD,2021-11-15,0.0150570003315806,0.0152449999004602,0.0146159995347261,0.0146420001983642,0.0146420001983642,0
EDRCoin USD,EDRC-USD,2021-11-16,0.0146180000156164,0.0146559998393058,0.0135740004479885,0.013850999996066,0.013850999996066,0
EDRCoin USD,EDRC-USD,2021-11-17,0.0138370003551244,0.0139889996498823,0.0134589998051524,0.0138779999688267,0.0138779999688267,0
EDRCoin USD,EDRC-USD,2021-11-18,0.0138849997892975,0.0140180001035332,0.0130070000886917,0.0130939995869994,0.0130939995869994,0
EDRCoin USD,EDRC-USD,2021-11-19,0.0130970003083348,0.0134209999814629,0.0128119997680187,0.0133739998564124,0.0133739998564124,0
EDRCoin USD,EDRC-USD,2021-11-20,0.0133680002763867,0.0137679995968937,0.013217999599874,0.0137350000441074,0.0137350000441074,0
EDRCoin USD,EDRC-USD,2021-11-21,0.0137299997732043,0.0138010000810027,0.0134819997474551,0.0134910000488162,0.0134910000488162,0
EDRCoin USD,EDRC-USD,2021-11-22,0.0135080004110932,0.0136310001835227,0.012806000187993,0.012958999723196,0.012958999723196,0
EDRCoin USD,EDRC-USD,2021-11-23,0.0129469996318221,0.0133109996095299,0.0127959996461868,0.0132480002939701,0.0132480002939701,0
EDRCoin USD,EDRC-USD,2021-11-24,0.0132409995421767,0.0132950004190206,0.0128720002248883,0.0129460003226995,0.0129460003226995,1
EDRCoin USD,EDRC-USD,2021-11-25,0.0131569998338818,0.0136550003662705,0.0131440004333853,0.0131949996575713,0.0131949996575713,1
EDRCoin USD,EDRC-USD,2021-11-26,0.0135530000552535,0.0136120002716779,0.0123279998078942,0.0123279998078942,0.0123279998078942,0
EDRCoin USD,EDRC-USD,2021-11-27,0.0123209999874234,0.0127259995788335,0.0123209999874234,0.0125719998031854,0.0125719998031854,0
EDRCoin USD,EDRC-USD,2021-11-28,0.012606999836862,0.0132010001689195,0.0123229995369911,0.0131590003147721,0.0131590003147721,0
EDRCoin USD,EDRC-USD,2021-11-29,0.013167000375688,0.0135409999638795,0.0130620002746582,0.0132910003885626,0.0132910003885626,0
EDRCoin USD,EDRC-USD,2021-11-30,0.0132959997281432,0.013596000149846,0.0128929996863007,0.0131139997392892,0.0131139997392892,0
EDRCoin USD,EDRC-USD,2021-12-01,0.0131109999492764,0.0135800000280141,0.0130070000886917,0.0131630003452301,0.0131630003452301,0
EDRCoin USD,EDRC-USD,2021-12-02,0.0131630003452301,0.0131900003179907,0.0128560001030564,0.0129990000277757,0.0129990000277757,0
EDRCoin USD,EDRC-USD,2021-12-03,0.0129899997264146,0.0131190000101923,0.0112159997224807,0.0112589998170733,0.0112589998170733,17
EDRCoin USD,EDRC-USD,2021-12-04,0.0112560000270605,0.0113199995830655,0.0090039996430277,0.0103299999609589,0.0103299999609589,0
EDRCoin USD,EDRC-USD,2021-12-05,0.0103320004418492,0.0104510001838207,0.0100499996915459,0.0103679997846484,0.0103679997846484,0
EDRCoin USD,EDRC-USD,2021-12-06,0.0103669995442032,0.0103860003873705,0.0081470003351569,0.0101049998775124,0.0101049998775124,162
EDRCoin USD,EDRC-USD,2021-12-07,0.0101169999688863,0.0103869996964931,0.0100349998101592,0.010139999911189,0.010139999911189,0
EDRCoin USD,EDRC-USD,2021-12-08,0.0101340003311634,0.0102340001612901,0.0097529999911785,0.0101060001179575,0.0101060001179575,0
EDRCoin USD,EDRC-USD,2021-12-09,0.0101009998470544,0.0101589998230338,0.0094720004126429,0.0095459995791316,0.0095459995791316,0
EDRCoin USD,EDRC-USD,2021-12-10,0.0095340004190802,0.0100029995664954,0.0094050001353025,0.0094590000808238,0.0094590000808238,0
EDRCoin USD,EDRC-USD,2021-12-11,0.0094489995390176,0.0098919998854398,0.0093879997730255,0.0098839998245239,0.0098839998245239,0
EDRCoin USD,EDRC-USD,2021-12-12,0.0098729999735951,0.0101450001820921,0.0097449999302625,0.0100180003792047,0.0100180003792047,0
EDRCoin USD,EDRC-USD,2021-12-13,0.0100199999287724,0.0100410003215074,0.0091789998114109,0.0093400003388524,0.0093400003388524,0
EDRCoin USD,EDRC-USD,2021-12-14,0.0093470001593232,0.0102380001917481,0.0092850001528859,0.0093240002170205,0.0093240002170205,1
EDRCoin USD,EDRC-USD,2021-12-15,0.0096770003437995,0.0102380001917481,0.0093339998275041,0.0097850002348423,0.0097850002348423,0
EDRCoin USD,EDRC-USD,2021-12-16,0.009778999723494,0.009885000064969,0.0095060002058744,0.0095229996368289,0.0095229996368289,0
EDRCoin USD,EDRC-USD,2021-12-17,0.0095330001786351,0.009600999765098,0.0091239996254444,0.0092569999396801,0.0092569999396801,0
EDRCoin USD,EDRC-USD,2021-12-18,0.009239999577403,0.0094630001112818,0.0091199995949864,0.0093689998611807,0.0093689998611807,0
EDRCoin USD,EDRC-USD,2021-12-19,0.0093700001016259,0.0096180001273751,0.0093010002747178,0.0093310000374913,0.0093310000374913,0
EDRCoin USD,EDRC-USD,2021-12-20,0.0093409996479749,0.0094799995422363,0.0091159995645284,0.0093839997425675,0.0093839997425675,0
EDRCoin USD,EDRC-USD,2021-12-21,0.0093759996816515,0.009859999641776,0.0093400003388524,0.009778999723494,0.009778999723494,0
EDRCoin USD,EDRC-USD,2021-12-22,0.00978699978441,0.0099090002477169,0.0096920002251863,0.0097230002284049,0.0097230002284049,0
EDRCoin USD,EDRC-USD,2021-12-23,0.0097260000184178,0.0102660004049539,0.009612999856472,0.0101579995825886,0.0101579995825886,0
EDRCoin USD,EDRC-USD,2021-12-24,0.0101570002734661,0.0103630004450678,0.0101030003279447,0.010173000395298,0.010173000395298,0
EDRCoin USD,EDRC-USD,2021-12-25,0.0101640000939369,0.0102350004017353,0.0100469999015331,0.0100980000570416,0.0100980000570416,0
EDRCoin USD,EDRC-USD,2021-12-26,0.0100859999656677,0.0102390004321932,0.0099250003695487,0.0101600000634789,0.0101600000634789,0
EDRCoin USD,EDRC-USD,2021-12-27,0.0101619996130466,0.0103909997269511,0.0100999996066093,0.0101460004225373,0.0101460004225373,0
EDRCoin USD,EDRC-USD,2021-12-28,0.0101279998198151,0.0101359998807311,0.0094830002635717,0.0095309996977448,0.0095309996977448,0
EDRCoin USD,EDRC-USD,2021-12-29,0.0095180002972483,0.0096239997074007,0.0078539997339248,0.0079049998894333,0.0079049998894333,21
EDRCoin USD,EDRC-USD,2021-12-30,0.0078959995880723,0.0081399995833635,0.007829999551177,0.0080220000818371,0.0080220000818371,0
EDRCoin USD,EDRC-USD,2021-12-31,0.0080199996009469,0.0082400003448128,0.0077889999374747,0.007872000336647,0.007872000336647,0
EDRCoin USD,EDRC-USD,2022-01-01,0.0078729996457695,0.008131000213325,0.0078689996153116,0.0081070000305771,0.0081070000305771,0
EDRCoin USD,EDRC-USD,2022-01-02,0.008105999790132,0.0081399995833635,0.0079659996554255,0.0080490000545978,0.0080490000545978,0
EDRCoin USD,EDRC-USD,2022-01-03,0.0080479998141527,0.0080770002678036,0.0077920001931488,0.0078980000689625,0.0078980000689625,0
EDRCoin USD,EDRC-USD,2022-01-04,0.0078980000689625,0.0080589996650815,0.0077780000865459,0.0078030000440776,0.0078030000440776,0
EDRCoin USD,EDRC-USD,2022-01-05,0.0078030000440776,0.0079720001667737,0.0072759999893605,0.0074069998227059,0.0074069998227059,0
EDRCoin USD,EDRC-USD,2022-01-06,0.0074060000479221,0.0074370000511407,0.0072499997913837,0.007337000221014,0.007337000221014,0
EDRCoin USD,EDRC-USD,2022-01-07,0.0073359999805688,0.0073359999805688,0.0069829998537898,0.0070650000125169,0.0070650000125169,0
EDRCoin USD,EDRC-USD,2022-01-08,0.0070650000125169,0.0071789999492466,0.0069140000268816,0.0070949997752904,0.0070949997752904,0
EDRCoin USD,EDRC-USD,2022-01-09,0.0070949997752904,0.0072530000470578,0.0070270001888275,0.0071250000037252,0.0071250000037252,0
EDRCoin USD,EDRC-USD,2022-01-10,0.0071250000037252,0.0071740001440048,0.0067650000564754,0.0071100001223385,0.0071100001223385,0
EDRCoin USD,EDRC-USD,2022-01-11,0.0071089998818933,0.007309999782592,0.0070389998145401,0.0072650001384317,0.0072650001384317,0
EDRCoin USD,EDRC-USD,2022-01-12,0.0072659999132156,0.007503000088036,0.0072300001047551,0.0074689998291432,0.0074689998291432,0
EDRCoin USD,EDRC-USD,2022-01-13,0.0074689998291432,0.0075269998051226,0.0072159999981522,0.0072409999556839,0.0072409999556839,0
EDRCoin USD,EDRC-USD,2022-01-14,0.007242000196129,0.0073689999990165,0.0071370000950992,0.007327000144869,0.007327000144869,0
EDRCoin USD,EDRC-USD,2022-01-15,0.007327000144869,0.0074330000206828,0.0072539998218417,0.0073400000110268,0.0073400000110268,0
EDRCoin USD,EDRC-USD,2022-01-16,0.0073389997705817,0.0073839998804032,0.0072570000775158,0.007329000160098,0.007329000160098,0
EDRCoin USD,EDRC-USD,2022-01-17,0.0073299999348819,0.0085669998079538,0.0072180000133812,0.00844999961555,0.00844999961555,4
EDRCoin USD,EDRC-USD,2022-01-18,0.00844999961555,0.0085070002824068,0.0082780001685023,0.008475000038743,0.008475000038743,0
EDRCoin USD,EDRC-USD,2022-01-19,0.008475000038743,0.008496000431478,0.0082559995353221,0.0083489995449781,0.0083489995449781,0
EDRCoin USD,EDRC-USD,2022-01-20,0.0083489995449781,0.0084170000627636,0.0083419997245073,0.0083879996091127,0.0083879996091127,0
EDRCoin USD,EDRC-USD,2022-01-21,0.0083879996091127,0.0083879996091127,0.0071580000221729,0.0072909998707473,0.0072909998707473,4
EDRCoin USD,EDRC-USD,2022-01-22,0.0072940001264214,0.0073379999957978,0.0068700001575052,0.0070059997960925,0.0070059997960925,0
EDRCoin USD,EDRC-USD,2022-01-23,0.0070090000517666,0.0072869998402893,0.0069570001214742,0.0072550000622868,0.0072550000622868,0
EDRCoin USD,EDRC-USD,2022-01-24,0.0072550000622868,0.0074499999172985,0.0066370000131428,0.007331000175327,0.007331000175327,0
EDRCoin USD,EDRC-USD,2022-01-25,0.007331000175327,0.0074889999814331,0.0071560000069439,0.0073910001665353,0.0073910001665353,0
EDRCoin USD,EDRC-USD,2022-01-26,0.0073899999260902,0.0077650002203881,0.0072750002145767,0.0073699997738003,0.0073699997738003,0
EDRCoin USD,EDRC-USD,2022-01-27,0.0073680002242326,0.0074300002306699,0.0071259997785091,0.0074280002154409,0.0074280002154409,0
EDRCoin USD,EDRC-USD,2022-01-28,0.007426000200212,0.0075909998267889,0.007242000196129,0.0075440001673996,0.0075440001673996,0
EDRCoin USD,EDRC-USD,2022-01-29,0.0075440001673996,0.0077149998396635,0.0074809999205172,0.0076279998756945,0.0076279998756945,0
EDRCoin USD,EDRC-USD,2022-01-30,0.0076299998909235,0.0076529998332262,0.0074880002066493,0.007584000006318,0.007584000006318,0
EDRCoin USD,EDRC-USD,2022-01-31,0.007584000006318,0.0077289999462664,0.0073469998314976,0.0076970001682639,0.0076970001682639,0
EDRCoin USD,EDRC-USD,2022-02-01,0.0076959999278187,0.0078229997307062,0.0076230000704526,0.0077490000985562,0.0077490000985562,0
EDRCoin USD,EDRC-USD,2022-02-02,0.0077490000985562,0.0077669997699558,0.0073669999837875,0.0073910001665353,0.0073910001665353,0
EDRCoin USD,EDRC-USD,2022-02-03,0.0073890001513063,0.0074310000054538,0.0072750002145767,0.0074310000054538,0.0074310000054538,0
EDRCoin USD,EDRC-USD,2022-02-04,0.0074300002306699,0.0083060003817081,0.0074189999140799,0.0082999998703598,0.0082999998703598,0
EDRCoin USD,EDRC-USD,2022-02-05,0.0082999998703598,0.008368999697268,0.008208000101149,0.0082879997789859,0.0082879997789859,0
EDRCoin USD,EDRC-USD,2022-02-06,0.0082879997789859,0.0085000004619359,0.0082489997148513,0.0084819998592138,0.0084819998592138,0
EDRCoin USD,EDRC-USD,2022-02-07,0.0084809996187686,0.0088799996301531,0.0083499997854232,0.0087679997086524,0.0087679997086524,0
EDRCoin USD,EDRC-USD,2022-02-08,0.0087710004299879,0.0090589998289942,0.0085619995370507,0.0088240001350641,0.0088240001350641,0
EDRCoin USD,EDRC-USD,2022-02-09,0.008818999864161,0.0089459996670484,0.0086470004171133,0.0088679995387792,0.0088679995387792,0
EDRCoin USD,EDRC-USD,2022-02-10,0.0088700000196695,0.0091319996863603,0.0086810002103447,0.0087130004540085,0.0087130004540085,0
EDRCoin USD,EDRC-USD,2022-02-11,0.0087139997631311,0.0087620001286268,0.0084229996427893,0.0084819998592138,0.0084819998592138,0
EDRCoin USD,EDRC-USD,2022-02-12,0.0084819998592138,0.0085990000516176,0.0083710001781582,0.0084490003064274,0.0084490003064274,0
EDRCoin USD,EDRC-USD,2022-02-13,0.0084469998255372,0.008538999594748,0.008390000090003,0.0084400000050663,0.0084400000050663,0
EDRCoin USD,EDRC-USD,2022-02-14,0.0084309997037053,0.0085549997165799,0.0083360001444816,0.0085169998928904,0.0085169998928904,0
EDRCoin USD,EDRC-USD,2022-02-15,0.0085169998928904,0.0089330002665519,0.0084979999810457,0.0089149996638298,0.0089149996638298,0
EDRCoin USD,EDRC-USD,2022-02-16,0.0089159999042749,0.0089159999042749,0.0086909998208284,0.0087919998914003,0.0087919998914003,0
EDRCoin USD,EDRC-USD,2022-02-17,0.0087869996204972,0.0088269999250769,0.0080500002950429,0.0081080002710223,0.0081080002710223,0
EDRCoin USD,EDRC-USD,2022-02-18,0.00810999982059,0.0081860003992915,0.007927999831736,0.0080059999600052,0.0080059999600052,0
EDRCoin USD,EDRC-USD,2022-02-19,0.0080049997195601,0.0080840000882744,0.0079429997131228,0.0080239996314048,0.0080239996314048,0
EDRCoin USD,EDRC-USD,2022-02-20,0.0080239996314048,0.0080239996314048,0.0076230000704526,0.0076859998516738,0.0076859998516738,0
EDRCoin USD,EDRC-USD,2022-02-21,0.0076850000768899,0.0078790001571178,0.0073899999260902,0.0074149998836219,0.0074149998836219,0
EDRCoin USD,EDRC-USD,2022-02-22,0.007414000108838,0.0076720002107322,0.0072980001568794,0.0076569998636841,0.0076569998636841,0
EDRCoin USD,EDRC-USD,2022-02-23,0.0076569998636841,0.0078110001049935,0.0074399998411536,0.0074590002186596,0.0074590002186596,0
EDRCoin USD,EDRC-USD,2022-02-24,0.0074559999629855,0.0074760001152753,0.00609300006181,0.0065170000307261,0.0065170000307261,15
EDRCoin USD,EDRC-USD,2022-02-25,0.0065170000307261,0.0067369998432695,0.0064790002070367,0.0066660000011324,0.0066660000011324,9
EDRCoin USD,EDRC-USD,2022-02-26,0.0066660000011324,0.0068009998649358,0.0065790000371634,0.0066479998640716,0.0066479998640716,0
EDRCoin USD,EDRC-USD,2022-02-27,0.0066470000892877,0.0067619998008012,0.0063359998166561,0.0064110001549124,0.0064110001549124,0
EDRCoin USD,EDRC-USD,2022-02-28,0.0064099999144673,0.0074390000663697,0.0063780001364648,0.0073429998010396,0.0073429998010396,0
EDRCoin USD,EDRC-USD,2022-03-01,0.0073429998010396,0.0076150000095367,0.0073020001873373,0.0075400001369416,0.0075400001369416,0
EDRCoin USD,EDRC-USD,2022-03-02,0.0075409999117255,0.0076629999093711,0.0073839998804032,0.0074669998139142,0.0074669998139142,0
EDRCoin USD,EDRC-USD,2022-03-03,0.0074669998139142,0.0088020004332065,0.0074269999749958,0.0084899999201297,0.0084899999201297,16
EDRCoin USD,EDRC-USD,2022-03-04,0.00849200040102,0.008496000431478,0.0077610001899302,0.0078280000016093,0.0078280000016093,0
EDRCoin USD,EDRC-USD,2022-03-05,0.007829999551177,0.0079129999503493,0.0077550001442432,0.0078800003975629,0.0078800003975629,0
EDRCoin USD,EDRC-USD,2022-03-06,0.0078809997066855,0.007927999831736,0.0076419999822974,0.0076839998364448,0.0076839998364448,0
EDRCoin USD,EDRC-USD,2022-03-07,0.0076859998516738,0.0078859999775886,0.0074519999325275,0.0076120002195239,0.0076120002195239,0
EDRCoin USD,EDRC-USD,2022-03-08,0.0076120002195239,0.0078609995543956,0.0075909998267889,0.0077470000833272,0.0077470000833272,0
EDRCoin USD,EDRC-USD,2022-03-09,0.0077490000985562,0.0084929997101426,0.0077410000376403,0.0083969999104738,0.0083969999104738,0
EDRCoin USD,EDRC-USD,2022-03-10,0.0083950003609061,0.0084009999409317,0.0077669997699558,0.0078870002180337,0.0078870002180337,0
EDRCoin USD,EDRC-USD,2022-03-11,0.0078880004584789,0.0080159995704889,0.007668999955058,0.0077590001747012,0.0077590001747012,0
EDRCoin USD,EDRC-USD,2022-03-12,0.0077590001747012,0.0078619997948408,0.0077550001442432,0.0077809998765587,0.0077809998765587,0
EDRCoin USD,EDRC-USD,2022-03-13,0.0077769998461008,0.0078419996425509,0.0075460001826286,0.0075699998997151,0.0075699998997151,0
EDRCoin USD,EDRC-USD,2022-03-14,0.0075690001249313,0.007949000224471,0.0075360001064836,0.0079330001026391,0.0079330001026391,0
EDRCoin USD,EDRC-USD,2022-03-15,0.0079330001026391,0.0079589998349547,0.0076620001345872,0.007868000306189,0.007868000306189,0
EDRCoin USD,EDRC-USD,2022-03-16,0.0078670000657439,0.008293000049889,0.0078039998188614,0.0082289995625615,0.0082289995625615,0
EDRCoin USD,EDRC-USD,2022-03-17,0.0082280002534389,0.0082580000162124,0.0081329997628927,0.0081900004297494,0.0081900004297494,0
EDRCoin USD,EDRC-USD,2022-03-18,0.0081890001893043,0.0084389997646212,0.0080819996073842,0.0083600003272295,0.0083600003272295,0
EDRCoin USD,EDRC-USD,2022-03-19,0.0083590000867843,0.008462999947369,0.0083210002630949,0.0084380004554986,0.0084380004554986,0
EDRCoin USD,EDRC-USD,2022-03-20,0.0084380004554986,0.0084480000659823,0.0082010002806782,0.0082499999552965,0.0082499999552965,0
EDRCoin USD,EDRC-USD,2022-03-21,0.0082489997148513,0.0082909995689988,0.0081340000033378,0.008216000162065,0.008216000162065,0
EDRCoin USD,EDRC-USD,2022-03-22,0.0082149999216198,0.0086249997839331,0.0081900004297494,0.0084720002487301,0.0084720002487301,0
EDRCoin USD,EDRC-USD,2022-03-23,0.0084729995578527,0.0085789998993277,0.0083760004490613,0.0085789998993277,0.0085789998993277,0
EDRCoin USD,EDRC-USD,2022-03-24,0.00857700034976,0.0086160004138946,0.0076910001225769,0.0079129999503493,0.0079129999503493,4
EDRCoin USD,EDRC-USD,2022-03-25,0.0079140001907944,0.0081000002101063,0.0078670000657439,0.0079830000177025,0.0079830000177025,0
EDRCoin USD,EDRC-USD,2022-03-26,0.0079830000177025,0.0080519998446106,0.0079500004649162,0.0080099999904632,0.0080099999904632,0
EDRCoin USD,EDRC-USD,2022-03-27,0.0080110002309083,0.0084290001541376,0.0079990001395344,0.0084279999136924,0.0084279999136924,0
EDRCoin USD,EDRC-USD,2022-03-28,0.0084279999136924,0.0086559997871518,0.0084039997309446,0.0084830000996589,0.0084830000996589,0
EDRCoin USD,EDRC-USD,2022-03-29,0.0084779998287558,0.0086439996957778,0.0084779998287558,0.0085439998656511,0.0085439998656511,0
EDRCoin USD,EDRC-USD,2022-03-30,0.0085420003160834,0.0085779996588826,0.0084140002727508,0.008471000008285,0.008471000008285,0
EDRCoin USD,EDRC-USD,2022-03-31,0.008471000008285,0.008551999926567,0.0081700002774596,0.0081970002502202,0.0081970002502202,0
EDRCoin USD,EDRC-USD,2022-04-01,0.0082000000402331,0.0083910003304481,0.0079929996281862,0.0083309998735785,0.0083309998735785,0
EDRCoin USD,EDRC-USD,2022-04-02,0.0083309998735785,0.0084650004282593,0.0082409996539354,0.0082559995353221,0.0082559995353221,0
EDRCoin USD,EDRC-USD,2022-04-03,0.0082550002261996,0.0085159996524453,0.0082139996811747,0.0083619998767972,0.0083619998767972,0
EDRCoin USD,EDRC-USD,2022-04-04,0.0083600003272295,0.0084220003336668,0.0081420000642538,0.0083919996395707,0.0083919996395707,0
EDRCoin USD,EDRC-USD,2022-04-05,0.0083919996395707,0.0084790000692009,0.0081979995593428,0.0082000000402331,0.0082000000402331,0
EDRCoin USD,EDRC-USD,2022-04-06,0.0081979995593428,0.0081979995593428,0.0077749998308718,0.0077769998461008,0.0077769998461008,6
EDRCoin USD,EDRC-USD,2022-04-07,0.0077769998461008,0.0078950002789497,0.0077220001257956,0.0078309997916221,0.0078309997916221,0
EDRCoin USD,EDRC-USD,2022-04-08,0.0078309997916221,0.0079030003398656,0.0075929998420178,0.0076120002195239,0.0076120002195239,13
EDRCoin USD,EDRC-USD,2022-04-09,0.0076109999790787,0.0077019999735057,0.0075929998420178,0.0077010001987218,0.0077010001987218,0
EDRCoin USD,EDRC-USD,2022-04-10,0.0077010001987218,0.0078079998493194,0.0075639998540282,0.0075969998724758,0.0075969998724758,0
EDRCoin USD,EDRC-USD,2022-04-11,0.007596000097692,0.0076359999366104,0.0070870001800358,0.0071140001527965,0.0071140001527965,0
EDRCoin USD,EDRC-USD,2022-04-12,0.0071160001680254,0.0073110000230371,0.0070899999700486,0.007222999818623,0.007222999818623,0
EDRCoin USD,EDRC-USD,2022-04-13,0.0072220000438392,0.0074570002034306,0.0071479999460279,0.0074100000783801,0.0074100000783801,0
EDRCoin USD,EDRC-USD,2022-04-14,0.0074089998379349,0.0074609997682273,0.0071450001560151,0.0071879997849464,0.0071879997849464,0
EDRCoin USD,EDRC-USD,2022-04-15,0.0071890000253915,0.0073110000230371,0.0071760001592338,0.0073000001721084,0.0073000001721084,0
EDRCoin USD,EDRC-USD,2022-04-16,0.0072989999316632,0.00731399981305,0.0072139999829232,0.0072759999893605,0.0072759999893605,0
EDRCoin USD,EDRC-USD,2022-04-17,0.0072750002145767,0.0073029999621212,0.0071319998241961,0.0071490001864731,0.0071490001864731,0
EDRCoin USD,EDRC-USD,2022-04-18,0.0071499999612569,0.0073779998347163,0.0069650001823902,0.0073489998467266,0.0073489998467266,0
EDRCoin USD,EDRC-USD,2022-04-19,0.0073489998467266,0.007501000072807,0.0073110000230371,0.0074700000695884,0.0074700000695884,0
EDRCoin USD,EDRC-USD,2022-04-20,0.0074700000695884,0.0075830002315342,0.0073730000294744,0.0074470001272857,0.0074470001272857,0
EDRCoin USD,EDRC-USD,2022-04-21,0.0074470001272857,0.0077209998853504,0.0072110001929104,0.0072949999012053,0.0072949999012053,0
EDRCoin USD,EDRC-USD,2022-04-22,0.0072949999012053,0.0073400000110268,0.0070770001038908,0.0071530002169311,0.0071530002169311,0
EDRCoin USD,EDRC-USD,2022-04-23,0.0071530002169311,0.0071879997849464,0.0070830001495778,0.0071080001071095,0.0071080001071095,0
EDRCoin USD,EDRC-USD,2022-04-24,0.0071060000918805,0.0071720001287758,0.0070620002225041,0.0071040000766515,0.0071040000766515,0
EDRCoin USD,EDRC-USD,2022-04-25,0.0071049998514354,0.0072889998555183,0.0069010001607239,0.0072820000350475,0.0072820000350475,0
EDRCoin USD,EDRC-USD,2022-04-26,0.0072809997946023,0.007329000160098,0.0068190000019967,0.0068609998561441,0.0068609998561441,0
EDRCoin USD,EDRC-USD,2022-04-27,0.0068620000965893,0.0070919999852776,0.0068399999290704,0.0070629999972879,0.0070629999972879,0
EDRCoin USD,EDRC-USD,2022-04-28,0.0070629999972879,0.0072490000165998,0.0070090000517666,0.0071589997969567,0.0071589997969567,0
EDRCoin USD,EDRC-USD,2022-04-29,0.0071580000221729,0.0071800001896917,0.0068819997832179,0.0069499998353421,0.0069499998353421,0
EDRCoin USD,EDRC-USD,2022-04-30,0.0069490000605583,0.0069789998233318,0.0067859999835491,0.0067889997735619,0.0067889997735619,0
EDRCoin USD,EDRC-USD,2022-05-01,0.0067879999987781,0.0069530000910162,0.0067650000564754,0.0069240001030266,0.0069240001030266,0
EDRCoin USD,EDRC-USD,2022-05-02,0.0069249998778104,0.0070329997688531,0.0068680001422762,0.0069349999539554,0.0069349999539554,0
EDRCoin USD,EDRC-USD,2022-05-03,0.0069349999539554,0.0069530000910162,0.0067650000564754,0.0067949998192489,0.0067949998192489,7
EDRCoin USD,EDRC-USD,2022-05-04,0.0067949998192489,0.0071829999797046,0.006792000029236,0.007145999930799,0.007145999930799,0
EDRCoin USD,EDRC-USD,2022-05-05,0.0071450001560151,0.0071620000526309,0.0064539997838437,0.0065839998424053,0.0065839998424053,0
EDRCoin USD,EDRC-USD,2022-05-06,0.0065830000676214,0.0065919999033212,0.0063869999721646,0.0064869998022913,0.0064869998022913,0
EDRCoin USD,EDRC-USD,2022-05-07,0.0064880000427365,0.0068390001542866,0.0064389999024569,0.0067449999041855,0.0067449999041855,4
EDRCoin USD,EDRC-USD,2022-05-08,0.0067460001446306,0.0067460001446306,0.0064449999481439,0.0064710001461207,0.0064710001461207,1
EDRCoin USD,EDRC-USD,2022-05-09,0.0064710001461207,0.0065020001493394,0.0057560000568628,0.0057560000568628,0.0057560000568628,0
EDRCoin USD,EDRC-USD,2022-05-10,0.0057520000264048,0.0061929998919367,0.0056900000199675,0.0058840001001954,0.0058840001001954,0
EDRCoin USD,EDRC-USD,2022-05-11,0.0058840001001954,0.006082999985665,0.0053519997745752,0.0054979999549686,0.0054979999549686,0
EDRCoin USD,EDRC-USD,2022-05-12,0.0054979999549686,0.0057060001417994,0.0050070001743733,0.0055189998820424,0.0055189998820424,0
EDRCoin USD,EDRC-USD,2022-05-13,0.0055160000920295,0.0058760000392794,0.005468999966979,0.0055639999918639,0.0055639999918639,0
EDRCoin USD,EDRC-USD,2022-05-14,0.0055639999918639,0.0057370001450181,0.0054540000855922,0.0057190000079572,0.0057190000079572,0
EDRCoin USD,EDRC-USD,2022-05-15,0.0057190000079572,0.0059489998966455,0.0056099998764693,0.0059480001218616,0.0059480001218616,0
EDRCoin USD,EDRC-USD,2022-05-16,0.0059480001218616,0.0059480001218616,0.005557999946177,0.0056739998981356,0.0056739998981356,0
EDRCoin USD,EDRC-USD,2022-05-17,0.0056739998981356,0.005832000169903,0.0056179999373853,0.0057810000143945,0.0057810000143945,0
EDRCoin USD,EDRC-USD,2022-05-18,0.0057810000143945,0.0058180000633001,0.0054569998756051,0.0054569998756051,0.0054569998756051,0
EDRCoin USD,EDRC-USD,2022-05-19,0.0054569998756051,0.0057819997891783,0.0054549998603761,0.0057689999230206,0.0057689999230206,0
EDRCoin USD,EDRC-USD,2022-05-20,0.0057689999230206,0.0070070000365376,0.0056790001690387,0.0067159999161958,0.0067159999161958,4
EDRCoin USD,EDRC-USD,2022-05-21,0.0067159999161958,0.0068049998953938,0.0066760000772774,0.0067690000869333,0.0067690000869333,5
EDRCoin USD,EDRC-USD,2022-05-22,0.0067690000869333,0.0069980002008378,0.0067329998128116,0.00697400001809,0.00697400001809,0
EDRCoin USD,EDRC-USD,2022-05-23,0.0069710002280771,0.0070360000245273,0.0066639999859035,0.0066929999738931,0.0066929999738931,6
EDRCoin USD,EDRC-USD,2022-05-24,0.0066929999738931,0.0068479999899864,0.0066209998913109,0.0068210000172257,0.0068210000172257,0
EDRCoin USD,EDRC-USD,2022-05-25,0.0068199997767806,0.0069360001944005,0.0067590000107884,0.0067989998497068,0.0067989998497068,0
EDRCoin USD,EDRC-USD,2022-05-26,0.006800000090152,0.0068620000965893,0.0065000001341104,0.0067309997975826,0.0067309997975826,0
EDRCoin USD,EDRC-USD,2022-05-27,0.0067280000075697,0.0067500001750886,0.0065150000154972,0.0065839998424053,0.0065839998424053,0
EDRCoin USD,EDRC-USD,2022-05-28,0.0066340002231299,0.0067010000348091,0.0065680001862347,0.0066749998368322,0.0066749998368322,0
EDRCoin USD,EDRC-USD,2022-05-29,0.0066749998368322,0.0067850002087652,0.0066329999826848,0.0067730001173913,0.0067730001173913,0
EDRCoin USD,EDRC-USD,2022-05-30,0.0067719998769462,0.0073480000719428,0.0067400000989437,0.0072969999164342,0.0072969999164342,0
EDRCoin USD,EDRC-USD,2022-05-31,0.0072960001416504,0.0074169998988509,0.0071959998458623,0.007311999797821,0.007311999797821,0
EDRCoin USD,EDRC-USD,2022-06-01,0.007311999797821,0.0073500000871717,0.0067850002087652,0.0068540000356733,0.0068540000356733,0
EDRCoin USD,EDRC-USD,2022-06-02,0.0068529997952282,0.0070389998145401,0.0068199997767806,0.0070079998113214,0.0070079998113214,0
EDRCoin USD,EDRC-USD,2022-06-03,0.0070079998113214,0.0070460001006722,0.0067560002207756,0.0068319998681545,0.0068319998681545,0
EDRCoin USD,EDRC-USD,2022-06-04,0.0068319998681545,0.0068839997984468,0.0067850002087652,0.0068620000965893,0.0068620000965893,0
EDRCoin USD,EDRC-USD,2022-06-05,0.0068620000965893,0.0069269998930394,0.006802000105381,0.006878999993205,0.006878999993205,0
EDRCoin USD,EDRC-USD,2022-06-06,0.006878999993205,0.0072889998555183,0.0068760002031922,0.0072150002233684,0.0072150002233684,0
EDRCoin USD,EDRC-USD,2022-06-07,0.0072159999981522,0.0072429999709129,0.0067420001141726,0.0071660000830888,0.0071660000830888,0
EDRCoin USD,EDRC-USD,2022-06-08,0.0071649998426437,0.0071879997849464,0.006887000054121,0.0069490000605583,0.0069490000605583,0
EDRCoin USD,EDRC-USD,2022-06-09,0.0069499998353421,0.0070400000549852,0.0069050001911818,0.0069260001182556,0.0069260001182556,0
EDRCoin USD,EDRC-USD,2022-06-10,0.0069249998778104,0.0069570001214742,0.0066650002263486,0.0066889999434351,0.0066889999434351,0
EDRCoin USD,EDRC-USD,2022-06-11,0.0066889999434351,0.0067619998008012,0.0064940000884234,0.0065230000764131,0.0065230000764131,0
EDRCoin USD,EDRC-USD,2022-06-12,0.0065259998664259,0.0065560000948607,0.0045500001870095,0.0045500001870095,0.0045500001870095,5
EDRCoin USD,EDRC-USD,2022-06-13,0.0045449999161064,0.0045549999922513,0.0026569999754428,0.0026980000548064,0.0026980000548064,193
EDRCoin USD,EDRC-USD,2022-06-14,0.0026990000624209,0.0027620000764727,0.0025140000507235,0.0026650000363588,0.0026650000363588,0
EDRCoin USD,EDRC-USD,2022-06-15,0.0026640000287443,0.0027169999666512,0.0024210000410676,0.0027089999057352,0.0027089999057352,0
EDRCoin USD,EDRC-USD,2022-06-16,0.0027089999057352,0.0027439999394118,0.0024319998919963,0.0024459999985992,0.0024459999985992,0
EDRCoin USD,EDRC-USD,2022-06-17,0.0024459999985992,0.0025490000844001,0.0024389999452978,0.0024570000823587,0.0024570000823587,0
EDRCoin USD,EDRC-USD,2022-06-18,0.0024570000823587,0.0028939999174326,0.0022289999760687,0.0028530000708997,0.0028530000708997,2
EDRCoin USD,EDRC-USD,2022-06-19,0.0028520000632852,0.0031030001118779,0.0027099999133497,0.003082999959588,0.003082999959588,0
EDRCoin USD,EDRC-USD,2022-06-20,0.003082999959588,0.0031369999051094,0.0029529999010264,0.0030900000128895,0.0030900000128895,0
EDRCoin USD,EDRC-USD,2022-06-21,0.003089000005275,0.0032430000137537,0.0030620000325143,0.0031069999095052,0.0031069999095052,0
EDRCoin USD,EDRC-USD,2022-06-22,0.0031079999171197,0.0031250000465661,0.0029770000837743,0.002998000010848,0.002998000010848,0
EDRCoin USD,EDRC-USD,2022-06-23,0.002998000010848,0.003169999923557,0.0029929999727755,0.0031630001030862,0.0031630001030862,8
EDRCoin USD,EDRC-USD,2022-06-24,0.0031630001030862,0.0032210000790655,0.0031169999856501,0.0031850000377744,0.0031850000377744,0
EDRCoin USD,EDRC-USD,2022-06-25,0.0031850000377744,0.0032279998995363,0.0031449999660253,0.0032250001095235,0.0032250001095235,0
EDRCoin USD,EDRC-USD,2022-06-26,0.003224000101909,0.0032679999712854,0.0031520000193268,0.0031540000345557,0.0031540000345557,0
EDRCoin USD,EDRC-USD,2022-06-27,0.0031540000345557,0.00322200008668,0.0030930000357329,0.0031099999323487,0.0031099999323487,0
EDRCoin USD,EDRC-USD,2022-06-28,0.0031099999323487,0.0031749999616295,0.0030340000521391,0.0030420001130551,0.0030420001130551,0
EDRCoin USD,EDRC-USD,2022-06-29,0.0030420001130551,0.0030549999792128,0.0029909999575465,0.0030159999150782,0.0030159999150782,0
EDRCoin USD,EDRC-USD,2022-06-30,0.0030159999150782,0.0030209999531507,0.0028089999686926,0.0029680000152438,0.0029680000152438,0
EDRCoin USD,EDRC-USD,2022-07-01,0.0029730000533163,0.0030950000509619,0.002860999898985,0.0028899998869746,0.0028899998869746,0
EDRCoin USD,EDRC-USD,2022-07-02,0.0028909998945891,0.0029060000088065,0.0028540000785142,0.0028860000893473,0.0028860000893473,0
EDRCoin USD,EDRC-USD,2022-07-03,0.0028860000893473,0.0029339999891817,0.0028450000099837,0.0028949999250471,0.0028949999250471,0
EDRCoin USD,EDRC-USD,2022-07-04,0.0028949999250471,0.0030390000902116,0.002858999883756,0.0030350000597536,0.0030350000597536,0
EDRCoin USD,EDRC-USD,2022-07-05,0.0030340000521391,0.0030950000509619,0.0029009999707341,0.0030290000140666,0.0030290000140666,0
EDRCoin USD,EDRC-USD,2022-07-06,0.0030290000140666,0.003089000005275,0.0029740000609308,0.0030819999519735,0.0030819999519735,0
EDRCoin USD,EDRC-USD,2022-07-07,0.0030819999519735,0.0032659999560564,0.0030439998954534,0.0032460000365972,0.0032460000365972,0
EDRCoin USD,EDRC-USD,2022-07-08,0.0032460000365972,0.0033470001071691,0.0031890000682324,0.0032599999103695,0.0032599999103695,0
EDRCoin USD,EDRC-USD,2022-07-09,0.0032579998951405,0.0032820000778883,0.0032170000486075,0.0032389999832957,0.0032389999832957,0
EDRCoin USD,EDRC-USD,2022-07-10,0.0032389999832957,0.0032389999832957,0.0031089999247342,0.0031290000770241,0.0031290000770241,0
EDRCoin USD,EDRC-USD,2022-07-11,0.0031280000694096,0.0031280000694096,0.0029889999423176,0.002995999995619,0.002995999995619,0
EDRCoin USD,EDRC-USD,2022-07-12,0.002995999995619,0.0030070000793784,0.0028959999326616,0.0028989999555051,0.0028989999555051,0
EDRCoin USD,EDRC-USD,2022-07-13,0.0028989999555051,0.0030330000445246,0.0028500000480562,0.0030320000369101,0.0030320000369101,0
EDRCoin USD,EDRC-USD,2022-07-14,0.0030320000369101,0.0031179999932646,0.0029529999010264,0.003084999974817,0.003084999974817,0
EDRCoin USD,EDRC-USD,2022-07-15,0.0030859999824315,0.0031709999311715,0.0030600000172853,0.0031250000465661,0.0031250000465661,0
EDRCoin USD,EDRC-USD,2022-07-16,0.0031250000465661,0.0032269998919218,0.0030779999215155,0.0031789999920874,0.0031789999920874,0
EDRCoin USD,EDRC-USD,2022-07-17,0.0031789999920874,0.0032399999909102,0.0031169999856501,0.0031169999856501,0.0031169999856501,7
EDRCoin USD,EDRC-USD,2022-07-18,0.0031169999856501,0.0033950000070035,0.0031169999856501,0.0033730000723153,0.0033730000723153,0
EDRCoin USD,EDRC-USD,2022-07-19,0.0033700000494718,0.0035500000230968,0.0032530000898987,0.0035079999361187,0.0035079999361187,0
EDRCoin USD,EDRC-USD,2022-07-20,0.0035089999437332,0.0036299999337643,0.0034509999677538,0.003484999993816,0.003484999993816,0
EDRCoin USD,EDRC-USD,2022-07-21,0.003484999993816,0.0035079999361187,0.0033650000113993,0.003474999917671,0.003474999917671,0
EDRCoin USD,EDRC-USD,2022-07-22,0.003474999917671,0.0035510000307112,0.0033909999765455,0.0034070000983774,0.0034070000983774,0
EDRCoin USD,EDRC-USD,2022-07-23,0.0034060000907629,0.0034469999372959,0.0032999999821186,0.0033700000494718,0.0033700000494718,0
EDRCoin USD,EDRC-USD,2022-07-24,0.0033700000494718,0.0034459999296814,0.0033460000995546,0.0033909999765455,0.0033909999765455,0
EDRCoin USD,EDRC-USD,2022-07-25,0.0033909999765455,0.0033970000222325,0.0032039999496191,0.0032039999496191,0.0032039999496191,0
EDRCoin USD,EDRC-USD,2022-07-26,0.0032039999496191,0.0032039999496191,0.0031169999856501,0.0031860000453889,0.0031860000453889,0
EDRCoin USD,EDRC-USD,2022-07-27,0.0031870000530034,0.0034479999449104,0.0031610000878572,0.0034399998839944,0.0034399998839944,0
EDRCoin USD,EDRC-USD,2022-07-28,0.0034399998839944,0.0036170000676065,0.0034080001059919,0.0035769999958574,0.0035769999958574,0
EDRCoin USD,EDRC-USD,2022-07-29,0.0035769999958574,0.0036440000403672,0.0035220000427216,0.0035709999501705,0.0035709999501705,0
EDRCoin USD,EDRC-USD,2022-07-30,0.003569999942556,0.0036859998945146,0.0035369999241083,0.0035480000078678,0.0035480000078678,0
EDRCoin USD,EDRC-USD,2022-07-31,0.0035480000078678,0.003618000075221,0.0034910000395029,0.0035010001156479,0.0035010001156479,0
EDRCoin USD,EDRC-USD,2022-08-01,0.0035010001156479,0.0035200000274926,0.0034340000711381,0.0034970000851899,0.0034970000851899,0
EDRCoin USD,EDRC-USD,2022-08-02,0.0034960000775754,0.0035119999665766,0.0034070000983774,0.0034469999372959,0.0034469999372959,0
EDRCoin USD,EDRC-USD,2022-08-03,0.0034469999372959,0.0035369999241083,0.0034119999036192,0.0034270000178366,0.0034270000178366,0
EDRCoin USD,EDRC-USD,2022-08-04,0.0034270000178366,0.0034799999557435,0.0033730000723153,0.0033950000070035,0.0033950000070035,0
EDRCoin USD,EDRC-USD,2022-08-05,0.003393999999389,0.0035129999741911,0.00339199998416,0.0034930000547319,0.0034930000547319,0
EDRCoin USD,EDRC-USD,2022-08-06,0.0034940000623464,0.0034990001004189,0.0034439999144524,0.0034439999144524,0.0034439999144524,0
EDRCoin USD,EDRC-USD,2022-08-07,0.0034449999220669,0.0035039999056607,0.0034340000711381,0.0034759999252855,0.0034759999252855,0
EDRCoin USD,EDRC-USD,2022-08-08,0.0034769999329,0.0036309999413788,0.0034759999252855,0.0035709999501705,0.0035709999501705,0
EDRCoin USD,EDRC-USD,2022-08-09,0.003571999957785,0.0035850000567734,0.0034469999372959,0.003474999917671,0.003474999917671,0
EDRCoin USD,EDRC-USD,2022-08-10,0.0034739999100565,0.0036190000828355,0.0034159999340772,0.0035920001100748,0.0035920001100748,0
EDRCoin USD,EDRC-USD,2022-08-11,0.0035920001100748,0.0037229999434202,0.0035850000567734,0.0035939998924732,0.0035939998924732,0
EDRCoin USD,EDRC-USD,2022-08-12,0.0035939998924732,0.0036619999445974,0.0035490000154823,0.0036599999293684,0.0036599999293684,0
EDRCoin USD,EDRC-USD,2022-08-13,0.0036599999293684,0.0037289999891072,0.0036520001012831,0.0036639999598264,0.0036639999598264,0
EDRCoin USD,EDRC-USD,2022-08-14,0.0036639999598264,0.0037459998857229,0.0036309999413788,0.0036480000708252,0.0036480000708252,0
EDRCoin USD,EDRC-USD,2022-08-15,0.0036480000708252,0.0037700000684708,0.0035759999882429,0.0036210000980645,0.0036210000980645,0
EDRCoin USD,EDRC-USD,2022-08-16,0.0036190000828355,0.0036339999642223,0.0035600000992417,0.0035820000339299,0.0035820000339299,0
EDRCoin USD,EDRC-USD,2022-08-17,0.0035820000339299,0.0036609999369829,0.003487000009045,0.0035000001080334,0.0035000001080334,0
EDRCoin USD,EDRC-USD,2022-08-18,0.0035010001156479,0.0035349999088793,0.0034769999329,0.0034819999709725,0.0034819999709725,0
EDRCoin USD,EDRC-USD,2022-08-19,0.0034819999709725,0.0034819999709725,0.0031300000846385,0.0031320000998675,0.0031320000998675,0
EDRCoin USD,EDRC-USD,2022-08-20,0.003131000092253,0.0032029999420046,0.0031290000770241,0.0031749999616295,0.0031749999616295,0
EDRCoin USD,EDRC-USD,2022-08-21,0.003173999954015,0.0032500000670552,0.0031649998854845,0.0032299999147653,0.0032299999147653,0
EDRCoin USD,EDRC-USD,2022-08-22,0.0032299999147653,0.0032299999147653,0.0031409999355673,0.0032099999953061,0.0032099999953061,0
EDRCoin USD,EDRC-USD,2022-08-23,0.0032099999953061,0.0032470000442117,0.0031429999507963,0.0032289999071508,0.0032289999071508,0
EDRCoin USD,EDRC-USD,2022-08-24,0.0032289999071508,0.0032669999636709,0.0031789999920874,0.0032089999876916,0.0032089999876916,0
EDRCoin USD,EDRC-USD,2022-08-25,0.0032089999876916,0.0032679999712854,0.0032039999496191,0.0032399999909102,0.0032399999909102,0
EDRCoin USD,EDRC-USD,2022-08-26,0.0032389999832957,0.0032709999941289,0.0030300000216811,0.0030390000902116,0.0030390000902116,0
EDRCoin USD,EDRC-USD,2022-08-27,0.0030390000902116,0.0030509999487549,0.0029839999042451,0.0030060000717639,0.0030060000717639,0
EDRCoin USD,EDRC-USD,2022-08-28,0.0030060000717639,0.0030209999531507,0.0029430000577121,0.0029430000577121,0.0029430000577121,0
EDRCoin USD,EDRC-USD,2022-08-29,0.0029420000500977,0.0030539999715983,0.0029400000348687,0.0030449999030679,0.0030449999030679,0
EDRCoin USD,EDRC-USD,2022-08-30,0.0030449999030679,0.003080999944359,0.0029430000577121,0.0029700000304728,0.0029700000304728,0
EDRCoin USD,EDRC-USD,2022-08-31,0.0029700000304728,0.0030630000401288,0.0029700000304728,0.0030070000793784,0.0030070000793784,0
EDRCoin USD,EDRC-USD,2022-09-01,0.0030080000869929,0.0030300000216811,0.0029480000957846,0.0030189999379217,0.0030189999379217,0
EDRCoin USD,EDRC-USD,2022-09-02,0.0030189999379217,0.0030600000172853,0.0029720000457018,0.0029949999880045,0.0029949999880045,0
EDRCoin USD,EDRC-USD,2022-09-03,0.0029949999880045,0.0030060000717639,0.0029549999162554,0.0029750000685453,0.0029750000685453,0
EDRCoin USD,EDRC-USD,2022-09-04,0.0029750000685453,0.003000000026077,0.0029460000805556,0.002998000010848,0.002998000010848,0
EDRCoin USD,EDRC-USD,2022-09-05,0.002998000010848,0.0030050000641494,0.0029509998857975,0.0029720000457018,0.0029720000457018,0
EDRCoin USD,EDRC-USD,2022-09-06,0.0029730000533163,0.0030229999683797,0.002820000052452,0.002826000098139,0.002826000098139,0
EDRCoin USD,EDRC-USD,2022-09-07,0.002826000098139,0.0029140000697225,0.0027970001101493,0.0028939999174326,0.0028939999174326,0
EDRCoin USD,EDRC-USD,2022-09-08,0.0028929999098181,0.002913000062108,0.0028619999065995,0.0028989999555051,0.0028989999555051,0
EDRCoin USD,EDRC-USD,2022-09-09,0.0028989999555051,0.003216000040993,0.0028969999402761,0.0032069999724626,0.0032069999724626,0
EDRCoin USD,EDRC-USD,2022-09-10,0.0032069999724626,0.0032639999408274,0.0031749999616295,0.0032520000822842,0.0032520000822842,0
EDRCoin USD,EDRC-USD,2022-09-11,0.0032520000822842,0.0032659999560564,0.0032110000029206,0.0032649999484419,0.0032649999484419,0
EDRCoin USD,EDRC-USD,2022-09-12,0.0032659999560564,0.0033660000190138,0.0032409999985247,0.0033559999428689,0.0033559999428689,0
EDRCoin USD,EDRC-USD,2022-09-13,0.0033559999428689,0.0034010000526905,0.0030090000946074,0.0030449999030679,0.0030449999030679,0
EDRCoin USD,EDRC-USD,2022-09-14,0.0030280000064522,0.0030700000934302,0.0029690000228583,0.0030360000673681,0.0030360000673681,0
EDRCoin USD,EDRC-USD,2022-09-15,0.0030360000673681,0.0030479999259114,0.0029460000805556,0.0029549999162554,0.0029549999162554,0
EDRCoin USD,EDRC-USD,2022-09-16,0.0029559999238699,0.0029810001142323,0.0029100000392645,0.0029660000000149,0.0029660000000149,0
EDRCoin USD,EDRC-USD,2022-09-17,0.0029670000076293,0.0030239999759942,0.0029670000076293,0.0030189999379217,0.0030189999379217,0
EDRCoin USD,EDRC-USD,2022-09-18,0.0030189999379217,0.0030189999379217,0.0029080000240355,0.002913000062108,0.002913000062108,0
EDRCoin USD,EDRC-USD,2022-09-19,0.002913000062108,0.0029460000805556,0.0027590000536292,0.0029319999739527,0.0029319999739527,0
EDRCoin USD,EDRC-USD,2022-09-20,0.0029319999739527,0.0029400000348687,0.002822000067681,0.0028339999262243,0.0028339999262243,0
EDRCoin USD,EDRC-USD,2022-09-21,0.0028339999262243,0.0029509998857975,0.0027439999394118,0.0027819999959319,0.0027819999959319,0
EDRCoin USD,EDRC-USD,2022-09-22,0.0027799999807029,0.002919000107795,0.0027620000764727,0.0029120000544935,0.0029120000544935,0
EDRCoin USD,EDRC-USD,2022-09-23,0.0029120000544935,0.00387499993667,0.0027930000796914,0.0038600000552833,0.0038600000552833,114
EDRCoin USD,EDRC-USD,2022-09-24,0.0038590000476688,0.0047980002127587,0.0037950000260025,0.0047340001910924,0.0047340001910924,19
EDRCoin USD,EDRC-USD,2022-09-25,0.0047340001910924,0.0047840001061558,0.0046740001998841,0.0047010001726448,0.0047010001726448,0
EDRCoin USD,EDRC-USD,2022-09-26,0.0047010001726448,0.0048190001398324,0.0046810000203549,0.0048059998080134,0.0048059998080134,0
EDRCoin USD,EDRC-USD,2022-09-27,0.0048050000332295,0.0050840000621974,0.0047289999201893,0.0047780000604689,0.0047780000604689,0
EDRCoin USD,EDRC-USD,2022-09-28,0.0047760000452399,0.0049220002256333,0.0046379999257624,0.0048569999635219,0.0048569999635219,0
EDRCoin USD,EDRC-USD,2022-09-29,0.0048569999635219,0.0048969998024404,0.0047320001758635,0.0048929997719824,0.0048929997719824,0
EDRCoin USD,EDRC-USD,2022-09-30,0.0048929997719824,0.0050269998610019,0.0048159998841583,0.004858000203967,0.004858000203967,0
EDRCoin USD,EDRC-USD,2022-10-01,0.004858000203967,0.0048679998144507,0.0048079998232424,0.0048279999755322,0.0048279999755322,0
EDRCoin USD,EDRC-USD,2022-10-02,0.0048279999755322,0.0057789999991655,0.0047749998047947,0.0057129999622702,0.0057129999622702,29
EDRCoin USD,EDRC-USD,2022-10-03,0.0057129999622702,0.0057319998741149,0.0036249998956918,0.0037279999814927,0.0037279999814927,2
EDRCoin USD,EDRC-USD,2022-10-04,0.0037279999814927,0.003870999906212,0.0037100000772625,0.0038640000857412,0.0038640000857412,0
EDRCoin USD,EDRC-USD,2022-10-05,0.0038640000857412,0.0038650000933557,0.0037630000151693,0.0038310000672936,0.0038310000672936,0
EDRCoin USD,EDRC-USD,2022-10-06,0.0038310000672936,0.0038779999595135,0.0037809999193996,0.003792000003159,0.003792000003159,0
EDRCoin USD,EDRC-USD,2022-10-07,0.003792000003159,0.0038079998921602,0.0036849998869001,0.0037140001077204,0.0037140001077204,0
EDRCoin USD,EDRC-USD,2022-10-08,0.0037140001077204,0.0037249999586492,0.0036669999826699,0.0036889999173581,0.0036889999173581,0
EDRCoin USD,EDRC-USD,2022-10-09,0.0036889999173581,0.003713000100106,0.0036760000512003,0.0036949999630451,0.0036949999630451,0
EDRCoin USD,EDRC-USD,2022-10-10,0.0036949999630451,0.0037080000620335,0.0036289999261498,0.0036369999870657,0.0036369999870657,0
EDRCoin USD,EDRC-USD,2022-10-11,0.0036359999794512,0.0036559998989105,0.0035959999077022,0.00362000009045,0.00362000009045,0
EDRCoin USD,EDRC-USD,2022-10-12,0.00362000009045,0.0036490000784397,0.003616000059992,0.0036400000099092,0.0036400000099092,0
EDRCoin USD,EDRC-USD,2022-10-13,0.0036400000099092,0.0036959999706596,0.003480999963358,0.0036830001045018,0.0036830001045018,0
EDRCoin USD,EDRC-USD,2022-10-14,0.0036830001045018,0.0037789999041706,0.0036319999489933,0.0036450000479817,0.0036450000479817,0
EDRCoin USD,EDRC-USD,2022-10-15,0.0036450000479817,0.0036500000860542,0.003614000044763,0.0036230001132935,0.0036230001132935,0
EDRCoin USD,EDRC-USD,2022-10-16,0.0036230001132935,0.0036840001121163,0.0036230001132935,0.0036609999369829,0.0036609999369829,0
EDRCoin USD,EDRC-USD,2022-10-17,0.0036609999369829,0.0037310000043362,0.0036430000327527,0.0037150001153349,0.0037150001153349,0
EDRCoin USD,EDRC-USD,2022-10-18,0.0037150001153349,0.0037360000424087,0.0036369999870657,0.0036740000359714,0.0036740000359714,0
EDRCoin USD,EDRC-USD,2022-10-19,0.0036740000359714,0.0040569999255239,0.0036619999445974,0.0040190001018345,0.0040190001018345,2
EDRCoin USD,EDRC-USD,2022-10-20,0.0040190001018345,0.0040560001507401,0.0039840000681579,0.0040009999647736,0.0040009999647736,0
EDRCoin USD,EDRC-USD,2022-10-21,0.0040009999647736,0.0040400000289082,0.0039420002140104,0.0040259999223053,0.0040259999223053,0
EDRCoin USD,EDRC-USD,2022-10-22,0.0040259999223053,0.0040420000441372,0.0040179998613893,0.0040339999832212,0.0040339999832212,0
EDRCoin USD,EDRC-USD,2022-10-23,0.0040339999832212,0.0041260002180933,0.0040159998461604,0.0041089998558163,0.0041089998558163,0
EDRCoin USD,EDRC-USD,2022-10-24,0.0041089998558163,0.0041140001267194,0.0040330002084374,0.0040629999712109,0.0040629999712109,0
EDRCoin USD,EDRC-USD,2022-10-25,0.0040620001964271,0.0042730001732707,0.00404499983415,0.0042200000025331,0.0042200000025331,0
EDRCoin USD,EDRC-USD,2022-10-26,0.0042190002277493,0.0043970001861453,0.0042159999720752,0.0043620001524686,0.0043620001524686,0
EDRCoin USD,EDRC-USD,2022-10-27,0.0043620001524686,0.0043790000490844,0.0042539997957646,0.0042599998414516,0.0042599998414516,0
EDRCoin USD,EDRC-USD,2022-10-28,0.0042599998414516,0.0043520000763237,0.0042200000025331,0.004325000103563,0.004325000103563,0
EDRCoin USD,EDRC-USD,2022-10-29,0.004325000103563,0.004410000052303,0.0043190000578761,0.0043720002286136,0.0043720002286136,0
EDRCoin USD,EDRC-USD,2022-10-30,0.0043720002286136,0.0043930001556873,0.0043150000274181,0.004333000164479,0.004333000164479,0
EDRCoin USD,EDRC-USD,2022-10-31,0.004333000164479,0.0043669999577105,0.0042599998414516,0.0043040001764893,0.0043040001764893,0
EDRCoin USD,EDRC-USD,2022-11-01,0.0043040001764893,0.0043359999544918,0.0042759999632835,0.0043020001612603,0.0043020001612603,0
EDRCoin USD,EDRC-USD,2022-11-02,0.0043009999208152,0.0043560001067817,0.0042179999873042,0.0042329998686909,0.0042329998686909,0
EDRCoin USD,EDRC-USD,2022-11-03,0.0042340001091361,0.0042799999937415,0.0042179999873042,0.004244000185281,0.004244000185281,0
EDRCoin USD,EDRC-USD,2022-11-04,0.004244000185281,0.0044539999216794,0.0042389999143779,0.0044410000555217,0.0044410000555217,0
EDRCoin USD,EDRC-USD,2022-11-05,0.0044399998150765,0.0045039998367428,0.0044309999793767,0.0044689998030662,0.0044689998030662,0
EDRCoin USD,EDRC-USD,2022-11-06,0.0044700000435113,0.0044829999096691,0.0043930001556873,0.0043950001709163,0.0043950001709163,0
EDRCoin USD,EDRC-USD,2022-11-07,0.0043939999304711,0.0044209999032318,0.0043029999360442,0.004327000118792,0.004327000118792,0
EDRCoin USD,EDRC-USD,2022-11-08,0.0043259998783469,0.0043399999849498,0.0036969999782741,0.0038940000813454,0.0038940000813454,0
EDRCoin USD,EDRC-USD,2022-11-09,0.0038940000813454,0.0039039999246597,0.0026660000439733,0.0027000000700354,0.0027000000700354,7
EDRCoin USD,EDRC-USD,2022-11-10,0.0027000000700354,0.0030690000858157,0.0026920000091195,0.002989999949932,0.002989999949932,0
EDRCoin USD,EDRC-USD,2022-11-11,0.0029889999423176,0.0030010000336915,0.0028119999915361,0.0028959999326616,0.0028959999326616,0
EDRCoin USD,EDRC-USD,2022-11-12,0.0028959999326616,0.0029009999707341,0.0028309999033808,0.0028560000937432,0.0028560000937432,0
EDRCoin USD,EDRC-USD,2022-11-13,0.0028560000937432,0.0028770000208169,0.0027749999426305,0.0027799999807029,0.0027799999807029,0
EDRCoin USD,EDRC-USD,2022-11-14,0.0027799999807029,0.00290900003165,0.0026980000548064,0.0028250000905245,0.0028250000905245,0
EDRCoin USD,EDRC-USD,2022-11-15,0.0028250000905245,0.0028989999555051,0.0028119999915361,0.0028699999675154,0.0028699999675154,0
EDRCoin USD,EDRC-USD,2022-11-16,0.0028699999675154,0.0028830000665038,0.0027930000796914,0.0028339999262243,0.0028339999262243,0
EDRCoin USD,EDRC-USD,2022-11-17,0.0028339999262243,0.0028429999947547,0.0027979998849332,0.0028369999490678,0.0028369999490678,0
EDRCoin USD,EDRC-USD,2022-11-18,0.0028369999490678,0.0028800000436604,0.0028160000219941,0.0028389999642968,0.0028389999642968,0
EDRCoin USD,EDRC-USD,2022-11-19,0.0028379999566823,0.0028560000937432,0.0028170000296086,0.0028409999795258,0.0028409999795258,0
EDRCoin USD,EDRC-USD,2022-11-20,0.0028409999795258,0.0028470000252127,0.0027620000764727,0.002769999904558,0.002769999904558,0
EDRCoin USD,EDRC-USD,2022-11-21,0.002769999904558,0.002769999904558,0.0026519999373704,0.0026839999482035,0.0026839999482035,0
EDRCoin USD,EDRC-USD,2022-11-22,0.002682999940589,0.0027630000840872,0.0026620000135153,0.0027520000003278,0.0027520000003278,0
EDRCoin USD,EDRC-USD,2022-11-23,0.0027530000079423,0.002828000113368,0.0027489999774843,0.00282400008291,0.00282400008291,0
EDRCoin USD,EDRC-USD,2022-11-24,0.00282400008291,0.0028510000556707,0.0028049999382346,0.0028230000752955,0.0028230000752955,0
EDRCoin USD,EDRC-USD,2022-11-25,0.002822000067681,0.0028230000752955,0.0027860000263899,0.0028089999686926,0.0028089999686926,0
EDRCoin USD,EDRC-USD,2022-11-26,0.0028089999686926,0.0028329999186098,0.0027910000644624,0.0027989998925477,0.0027989998925477,0
EDRCoin USD,EDRC-USD,2022-11-27,0.0027989998925477,0.0028210000600665,0.0027950000949203,0.0027960001025348,0.0027960001025348,0
EDRCoin USD,EDRC-USD,2022-11-28,0.0027950000949203,0.0028019999153912,0.0027290000580251,0.0027570000384002,0.0027570000384002,0
EDRCoin USD,EDRC-USD,2022-11-29,0.0027570000384002,0.0028089999686926,0.0027439999394118,0.0027960001025348,0.0027960001025348,0
EDRCoin USD,EDRC-USD,2022-11-30,0.0027960001025348,0.0029219998978078,0.0027960001025348,0.002919000107795,0.002919000107795,0
EDRCoin USD,EDRC-USD,2022-12-01,0.002919000107795,0.0029239999130368,0.0028709999751299,0.0028840000741183,0.0028840000741183,0
EDRCoin USD,EDRC-USD,2022-12-02,0.0028850000817328,0.002905000001192,0.0028689999599009,0.002905000001192,0.002905000001192,0
EDRCoin USD,EDRC-USD,2022-12-03,0.002905000001192,0.0029100000392645,0.0028709999751299,0.0028739999979734,0.0028739999979734,0
EDRCoin USD,EDRC-USD,2022-12-04,0.0028739999979734,0.002917000092566,0.0028739999979734,0.0029120000544935,0.0029120000544935,0
EDRCoin USD,EDRC-USD,2022-12-05,0.0029120000544935,0.0032279998995363,0.0028770000208169,0.0032250001095235,0.0032250001095235,8
EDRCoin USD,EDRC-USD,2022-12-06,0.0032250001095235,0.0032470000442117,0.0032190000638365,0.0032470000442117,0.0032470000442117,0
EDRCoin USD,EDRC-USD,2022-12-07,0.0032470000442117,0.0032510000746697,0.0031830000225454,0.0032009999267756,0.0032009999267756,0
EDRCoin USD,EDRC-USD,2022-12-08,0.0032009999267756,0.0032810000702738,0.0031900000758469,0.0032740000169724,0.0032740000169724,0
EDRCoin USD,EDRC-USD,2022-12-09,0.0032740000169724,0.0032830000855028,0.0032490000594407,0.0032550001051276,0.0032550001051276,0
EDRCoin USD,EDRC-USD,2022-12-10,0.0032560001127421,0.0032709999941289,0.0032530000898987,0.0032540000975131,0.0032540000975131,0
EDRCoin USD,EDRC-USD,2022-12-11,0.0032550001051276,0.0032770000398159,0.0032470000442117,0.0032500000670552,0.0032500000670552,0
EDRCoin USD,EDRC-USD,2022-12-12,0.0032490000594407,0.0032490000594407,0.0030420001130551,0.0030970000661909,0.0030970000661909,2
EDRCoin USD,EDRC-USD,2022-12-13,0.0030970000661909,0.0032269998919218,0.0030799999367445,0.0032009999267756,0.0032009999267756,0
EDRCoin USD,EDRC-USD,2022-12-14,0.0032009999267756,0.0032969999592751,0.0031930000986903,0.0032069999724626,0.0032069999724626,0
EDRCoin USD,EDRC-USD,2022-12-15,0.0032059999648481,0.0032120000105351,0.0031179999932646,0.0031260000541806,0.0031260000541806,0
EDRCoin USD,EDRC-USD,2022-12-16,0.0031260000541806,0.0031510000117123,0.0029849999118596,0.0029970000032335,0.0029970000032335,0
EDRCoin USD,EDRC-USD,2022-12-17,0.002995999995619,0.0030239999759942,0.0029909999575465,0.0030229999683797,0.0030229999683797,0
EDRCoin USD,EDRC-USD,2022-12-18,0.0030229999683797,0.0030269999988377,0.0030060000717639,0.0030159999150782,0.0030159999150782,0
EDRCoin USD,EDRC-USD,2022-12-19,0.0030169999226927,0.0030249999836087,0.0029519998934119,0.0029589999467134,0.0029589999467134,0
EDRCoin USD,EDRC-USD,2022-12-20,0.0029599999543279,0.0030620000325143,0.0029569999314844,0.0030429998878389,0.0030429998878389,0
EDRCoin USD,EDRC-USD,2022-12-21,0.0030429998878389,0.0030449999030679,0.0030159999150782,0.0030269999988377,0.0030269999988377,0
EDRCoin USD,EDRC-USD,2022-12-22,0.0030269999988377,0.0030360000673681,0.0029869999270886,0.0030290000140666,0.0030290000140666,0
EDRCoin USD,EDRC-USD,2022-12-23,0.0030290000140666,0.0030429998878389,0.0030229999683797,0.0030229999683797,0.0030229999683797,0
EDRCoin USD,EDRC-USD,2022-12-24,0.0030229999683797,0.0030360000673681,0.0030229999683797,0.0030330000445246,0.0030330000445246,0
EDRCoin USD,EDRC-USD,2022-12-25,0.0030330000445246,0.0030350000597536,0.0030159999150782,0.0030320000369101,0.0030320000369101,0
EDRCoin USD,EDRC-USD,2022-12-26,0.0030320000369101,0.0030459999106824,0.0030259999912232,0.0030459999106824,0.0030459999106824,0
EDRCoin USD,EDRC-USD,2022-12-27,0.0030449999030679,0.0030529999639838,0.002995999995619,0.0030090000946074,0.0030090000946074,0
EDRCoin USD,EDRC-USD,2022-12-28,0.0030090000946074,0.0030179999303072,0.0029700000304728,0.0029790000990033,0.0029790000990033,0
EDRCoin USD,EDRC-USD,2022-12-29,0.0029790000990033,0.0029970000032335,0.0029720000457018,0.002995999995619,0.002995999995619,0
EDRCoin USD,EDRC-USD,2022-12-30,0.0029949999880045,0.002995999995619,0.0029539999086409,0.0029879999347031,0.0029879999347031,0
EDRCoin USD,EDRC-USD,2022-12-31,0.0029889999423176,0.0029929999727755,0.0029730000533163,0.0029790000990033,0.0029790000990033,0
EDRCoin USD,EDRC-USD,2023-01-01,0.0029790000990033,0.0029929999727755,0.0029740000609308,0.0029929999727755,0.0029929999727755,0
EDRCoin USD,EDRC-USD,2023-01-02,0.0029929999727755,0.0030169999226927,0.0029829998966306,0.003004000056535,0.003004000056535,0
EDRCoin USD,EDRC-USD,2023-01-03,0.003004000056535,0.0030169999226927,0.002991999965161,0.003002000041306,0.003002000041306,0
EDRCoin USD,EDRC-USD,2023-01-04,0.003002000041306,0.0030539999715983,0.003000000026077,0.0030350000597536,0.0030350000597536,0
EDRCoin USD,EDRC-USD,2023-01-05,0.0030350000597536,0.0030390000902116,0.0030219999607652,0.0030310000292956,0.0030310000292956,0
EDRCoin USD,EDRC-USD,2023-01-06,0.0030310000292956,0.0030590000096708,0.0030090000946074,0.0030509999487549,0.0030509999487549,0
EDRCoin USD,EDRC-USD,2023-01-07,0.0030509999487549,0.0030559999868273,0.0030449999030679,0.0030519999563694,0.0030519999563694,0
EDRCoin USD,EDRC-USD,2023-01-08,0.0030519999563694,0.0030759999062865,0.0030459999106824,0.0030759999062865,0.0030759999062865,0
EDRCoin USD,EDRC-USD,2023-01-09,0.003076999913901,0.0031109999399632,0.002919000107795,0.0029229999054223,0.0029229999054223,24
EDRCoin USD,EDRC-USD,2023-01-10,0.0029229999054223,0.0033219999168068,0.0029180001001805,0.003315000096336,0.003315000096336,2
EDRCoin USD,EDRC-USD,2023-01-11,0.003315000096336,0.0034080001059919,0.0032939999364316,0.0034080001059919,0.0034080001059919,0
EDRCoin USD,EDRC-USD,2023-01-12,0.0034419998992234,0.003616000059992,0.0034189999569207,0.0035850000567734,0.0035850000567734,0
EDRCoin USD,EDRC-USD,2023-01-13,0.0035850000567734,0.0037930000107735,0.0035629998892545,0.0037829999346286,0.0037829999346286,0
EDRCoin USD,EDRC-USD,2023-01-14,0.0037829999346286,0.0040040002204477,0.0037819999270141,0.0039849998429417,0.0039849998429417,0
EDRCoin USD,EDRC-USD,2023-01-15,0.0039860000833868,0.0039889998733997,0.0039149997755885,0.0039670001715421,0.0039670001715421,0
EDRCoin USD,EDRC-USD,2023-01-16,0.003967999946326,0.0040589999407529,0.0039360001683235,0.0040219998918473,0.0040219998918473,0
EDRCoin USD,EDRC-USD,2023-01-17,0.0040230001322925,0.0040730000473558,0.0039860000833868,0.0040210001170635,0.0040210001170635,0
EDRCoin USD,EDRC-USD,2023-01-18,0.0040210001170635,0.0040970002301037,0.0039029999170452,0.0039309998974204,0.0039309998974204,0
EDRCoin USD,EDRC-USD,2023-01-19,0.0039300001226365,0.0040210001170635,0.0039300001226365,0.0040059997700154,0.0040059997700154,0
EDRCoin USD,EDRC-USD,2023-01-20,0.0040059997700154,0.004311999771744,0.0039750002324581,0.0043089999817311,0.0043089999817311,0
EDRCoin USD,EDRC-USD,2023-01-21,0.0043089999817311,0.0044240001589059,0.0042770002037286,0.0043279998935759,0.0043279998935759,0
EDRCoin USD,EDRC-USD,2023-01-22,0.0043279998935759,0.0043810000643134,0.0042539997957646,0.0043170000426471,0.0043170000426471,0
EDRCoin USD,EDRC-USD,2023-01-23,0.0043170000426471,0.0043939999304711,0.0043040001764893,0.0043580001220107,0.0043580001220107,0
EDRCoin USD,EDRC-USD,2023-01-24,0.0043569998815655,0.0043950001709163,0.0042840000241994,0.0043009999208152,0.0043009999208152,0
EDRCoin USD,EDRC-USD,2023-01-25,0.0043009999208152,0.004507000092417,0.0042570000514388,0.0043919999152421,0.0043919999152421,0
EDRCoin USD,EDRC-USD,2023-01-26,0.0043910001404583,0.0044149998575448,0.0043529998511075,0.0043759997934103,0.0043759997934103,0
EDRCoin USD,EDRC-USD,2023-01-27,0.0043759997934103,0.0044490001164376,0.0043040001764893,0.0043850000947713,0.0043850000947713,0
EDRCoin USD,EDRC-USD,2023-01-28,0.0043850000947713,0.0044019999913871,0.0043529998511075,0.0043759997934103,0.0043759997934103,0
EDRCoin USD,EDRC-USD,2023-01-29,0.0043759997934103,0.0045449999161064,0.0043669999577105,0.0045170001685619,0.0045170001685619,0
EDRCoin USD,EDRC-USD,2023-01-30,0.0045170001685619,0.0045199999585747,0.0043049999512732,0.0043399999849498,0.0043399999849498,0
EDRCoin USD,EDRC-USD,2023-01-31,0.0043399999849498,0.0044129998423159,0.004325000103563,0.0043959999457001,0.0043959999457001,0
EDRCoin USD,EDRC-USD,2023-02-01,0.0043959999457001,0.0044019999913871,0.0038890000432729,0.0040330002084374,0.0040330002084374,2
EDRCoin USD,EDRC-USD,2023-02-02,0.0040330002084374,0.0041080000810325,0.0039900001138448,0.0039900001138448,0.0039900001138448,0
EDRCoin USD,EDRC-USD,2023-02-03,0.0039900001138448,0.0040250001475214,0.003957999870181,0.0039860000833868,0.0039860000833868,0
EDRCoin USD,EDRC-USD,2023-02-04,0.0039860000833868,0.0040049999952316,0.00395999988541,0.003965999931097,0.003965999931097,0
EDRCoin USD,EDRC-USD,2023-02-05,0.003965999931097,0.0039820000529289,0.003882999997586,0.0039019999094307,0.0039019999094307,0
EDRCoin USD,EDRC-USD,2023-02-06,0.0039019999094307,0.0039300001226365,0.0038580000400543,0.0038689998909831,0.0038689998909831,0
EDRCoin USD,EDRC-USD,2023-02-07,0.0038689998909831,0.0039630001410841,0.0038689998909831,0.0039550000801682,0.0039550000801682,0
EDRCoin USD,EDRC-USD,2023-02-08,0.0039550000801682,0.0039730002172291,0.0038640000857412,0.0038999998942017,0.0038999998942017,0
EDRCoin USD,EDRC-USD,2023-02-09,0.0039009999018162,0.0039090001955628,0.0037020000163465,0.003709000069648,0.003709000069648,0
EDRCoin USD,EDRC-USD,2023-02-10,0.003709000069648,0.0037299999967217,0.0036619999445974,0.0036810000892728,0.0036810000892728,0
EDRCoin USD,EDRC-USD,2023-02-11,0.0036810000892728,0.0037219999358057,0.0036750000435858,0.0037179999053478,0.0037179999053478,0
EDRCoin USD,EDRC-USD,2023-02-12,0.0037179999053478,0.0037499999161809,0.0036859998945146,0.0037040000315755,0.0037040000315755,0
EDRCoin USD,EDRC-USD,2023-02-13,0.0037040000315755,0.0037229999434202,0.0036480000708252,0.003707000054419,0.003707000054419,0
EDRCoin USD,EDRC-USD,2023-02-14,0.0037060000468045,0.00378999998793,0.0036780000664293,0.0037779998965561,0.0037779998965561,0
EDRCoin USD,EDRC-USD,2023-02-15,0.0037769998889416,0.004131999798119,0.0037539999466389,0.004131999798119,0.004131999798119,0
EDRCoin USD,EDRC-USD,2023-02-16,0.004131999798119,0.0042730001732707,0.0040119998157024,0.0040159998461604,0.0040159998461604,0
EDRCoin USD,EDRC-USD,2023-02-17,0.0040159998461604,0.0042369998991489,0.0039880000986158,0.0041760001331567,0.0041760001331567,0
EDRCoin USD,EDRC-USD,2023-02-18,0.0041760001331567,0.0042159999720752,0.0041600000113248,0.0041889999993145,0.0041889999993145,0
EDRCoin USD,EDRC-USD,2023-02-19,0.0041889999993145,0.0042659998871386,0.004135999828577,0.004135999828577,0.004135999828577,0
EDRCoin USD,EDRC-USD,2023-02-20,0.0041370000690221,0.0042530000209808,0.0040679997764527,0.004220999777317,0.004220999777317,0
EDRCoin USD,EDRC-USD,2023-02-21,0.0042220000177621,0.0042719999328255,0.0041140001267194,0.0041539999656379,0.0041539999656379,0
EDRCoin USD,EDRC-USD,2023-02-22,0.0041539999656379,0.0041600000113248,0.0040199998766183,0.0041120001114904,0.0041120001114904,0
EDRCoin USD,EDRC-USD,2023-02-23,0.0041120001114904,0.0041769999079406,0.0040279999375343,0.0040710000321269,0.0040710000321269,0
EDRCoin USD,EDRC-USD,2023-02-24,0.0040710000321269,0.0040980000048875,0.0039110002107918,0.0039440002292394,0.0039440002292394,0
EDRCoin USD,EDRC-USD,2023-02-25,0.0039440002292394,0.0039459997788071,0.0038860000204294,0.0039400001987814,0.0039400001987814,0
EDRCoin USD,EDRC-USD,2023-02-26,0.0039400001987814,0.0040210001170635,0.0039240000769495,0.0040049999952316,0.0040049999952316,0
EDRCoin USD,EDRC-USD,2023-02-27,0.0040049999952316,0.0040560001507401,0.0039450000040233,0.0039989999495446,0.0039989999495446,0
EDRCoin USD,EDRC-USD,2023-02-28,0.0039989999495446,0.0040099998004734,0.0039229998365044,0.0039349999278783,0.0039349999278783,0
EDRCoin USD,EDRC-USD,2023-03-01,0.0039360001683235,0.0040600001811981,0.0039249998517334,0.0040199998766183,0.0040199998766183,0
EDRCoin USD,EDRC-USD,2023-03-02,0.0040199998766183,0.0040359999984502,0.0039519998244941,0.0039909998886287,0.0039909998886287,0
EDRCoin USD,EDRC-USD,2023-03-03,0.0039909998886287,0.0039909998886287,0.0037760001141577,0.0038020000793039,0.0038020000793039,0
EDRCoin USD,EDRC-USD,2023-03-04,0.0038020000793039,0.0038089998997747,0.0037740000989288,0.0038000000640749,0.0038000000640749,0
EDRCoin USD,EDRC-USD,2023-03-05,0.0038000000640749,0.0038439999334514,0.003792000003159,0.0038139999378472,0.0038139999378472,0
EDRCoin USD,EDRC-USD,2023-03-06,0.0038139999378472,0.0038389998953789,0.003796000033617,0.0038129999302327,0.0038129999302327,0
EDRCoin USD,EDRC-USD,2023-03-07,0.0038129999302327,0.0038300000596791,0.0037420000880956,0.0037769998889416,0.0037769998889416,0
EDRCoin USD,EDRC-USD,2023-03-08,0.0037769998889416,0.003785999957472,0.0036899999249726,0.0036919999402016,0.0036919999402016,0
EDRCoin USD,EDRC-USD,2023-03-09,0.0036919999402016,0.0037060000468045,0.0034360000863671,0.0034620000515133,0.0034620000515133,0
EDRCoin USD,EDRC-USD,2023-03-10,0.0034620000515133,0.0034630000591278,0.0033370000310242,0.0034320000559091,0.0034320000559091,0
EDRCoin USD,EDRC-USD,2023-03-11,0.0034320000559091,0.0035349999088793,0.0034119999036192,0.0035079999361187,0.0035079999361187,0
EDRCoin USD,EDRC-USD,2023-03-12,0.0035069999285042,0.0037640000227838,0.003478999948129,0.0037640000227838,0.0037640000227838,0
EDRCoin USD,EDRC-USD,2023-03-13,0.0037640000227838,0.0041600000113248,0.0033730000723153,0.0033849999308586,0.0033849999308586,2
EDRCoin USD,EDRC-USD,2023-03-14,0.0033859999384731,0.0036899999249726,0.0033760000951588,0.0034680000972002,0.0034680000972002,0
EDRCoin USD,EDRC-USD,2023-03-15,0.0034690001048147,0.0035230000503361,0.0033710000570863,0.0034119999036192,0.0034119999036192,0
EDRCoin USD,EDRC-USD,2023-03-16,0.0034129999112337,0.0035180000122636,0.003396000014618,0.0035059999208897,0.0035059999208897,0
EDRCoin USD,EDRC-USD,2023-03-17,0.0035059999208897,0.0038850000128149,0.0034930000547319,0.0038360001053661,0.0038360001053661,0
EDRCoin USD,EDRC-USD,2023-03-18,0.0038370001129806,0.003880999982357,0.0037579999770969,0.0037740000989288,0.0037740000989288,0
EDRCoin USD,EDRC-USD,2023-03-19,0.0037740000989288,0.0039750002324581,0.0037680000532418,0.0039249998517334,0.0039249998517334,3
EDRCoin USD,EDRC-USD,2023-03-20,0.0039249998517334,0.0039820000529289,0.0038159999530762,0.0038850000128149,0.0038850000128149,0
EDRCoin USD,EDRC-USD,2023-03-21,0.0038870000280439,0.0039769997820258,0.0038449999410659,0.0039440002292394,0.0039440002292394,0
EDRCoin USD,EDRC-USD,2023-03-22,0.0039440002292394,0.0040339999832212,0.0037499999161809,0.0038250000216066,0.0038250000216066,0
EDRCoin USD,EDRC-USD,2023-03-23,0.0038250000216066,0.0040150000713765,0.0038089998997747,0.0039690001867711,0.0039690001867711,0
EDRCoin USD,EDRC-USD,2023-03-24,0.003967999946326,0.0039750002324581,0.003798000048846,0.0038469999562948,0.0038469999562948,0
EDRCoin USD,EDRC-USD,2023-03-25,0.0038479999639093,0.0038870000280439,0.0038119999226182,0.0038499999791383,0.0038499999791383,0
EDRCoin USD,EDRC-USD,2023-03-26,0.0038499999791383,0.0039429999887943,0.0038439999334514,0.0039200000464916,0.0039200000464916,0
EDRCoin USD,EDRC-USD,2023-03-27,0.0039200000464916,0.0039240000769495,0.0037330000195652,0.0038020000793039,0.0038020000793039,0
EDRCoin USD,EDRC-USD,2023-03-28,0.0038020000793039,0.0038429999258369,0.0037390000652521,0.0038199999835342,0.0038199999835342,0
EDRCoin USD,EDRC-USD,2023-03-29,0.0038199999835342,0.0040000001899898,0.0038179999683052,0.003969999961555,0.003969999961555,0
EDRCoin USD,EDRC-USD,2023-03-30,0.003969999961555,0.0040739998221397,0.0038910000585019,0.0039249998517334,0.0039249998517334,0
EDRCoin USD,EDRC-USD,2023-03-31,0.0039260000921785,0.0040070000104606,0.0038689998909831,0.0039880000986158,0.0039880000986158,0
EDRCoin USD,EDRC-USD,2023-04-01,0.0039880000986158,0.0040250001475214,0.0039650001563131,0.0039789997972548,0.0039789997972548,0
EDRCoin USD,EDRC-USD,2023-04-02,0.0039869998581707,0.0039920001290738,0.0039059999398887,0.0039479997940361,0.0039479997940361,0
EDRCoin USD,EDRC-USD,2023-04-03,0.0039470000192523,0.0039809998124837,0.0038320000749081,0.0038940000813454,0.0038940000813454,0
EDRCoin USD,EDRC-USD,2023-04-04,0.0038930000737309,0.0039750002324581,0.0038799999747425,0.0039440002292394,0.0039440002292394,0
EDRCoin USD,EDRC-USD,2023-04-05,0.0039440002292394,0.0040159998461604,0.0039059999398887,0.0039459997788071,0.0039459997788071,0
EDRCoin USD,EDRC-USD,2023-04-06,0.0039450000040233,0.0039450000040233,0.0038890000432729,0.0039249998517334,0.0039249998517334,0
EDRCoin USD,EDRC-USD,2023-04-07,0.0039249998517334,0.0039360001683235,0.0038920000661164,0.0039099999703466,0.0039099999703466,0
EDRCoin USD,EDRC-USD,2023-04-08,0.0039099999703466,0.0039409999735653,0.0039049999322742,0.0039130002260208,0.0039130002260208,0
EDRCoin USD,EDRC-USD,2023-04-09,0.0039130002260208,0.0044639999978244,0.0038980001118034,0.003967999946326,0.003967999946326,11
EDRCoin USD,EDRC-USD,2023-04-10,0.003967999946326,0.0041629998013377,0.0039490000344812,0.0041499999351799,0.0041499999351799,7
EDRCoin USD,EDRC-USD,2023-04-11,0.0041499999351799,0.0042610000818967,0.0041450001299381,0.0042349998839199,0.0042349998839199,0
EDRCoin USD,EDRC-USD,2023-04-12,0.0042340001091361,0.0042579998262226,0.0041780001483857,0.0042179999873042,0.0042179999873042,0
EDRCoin USD,EDRC-USD,2023-04-13,0.0041860002093017,0.0042739999480545,0.0041860002093017,0.0042559998109936,0.0042559998109936,0
EDRCoin USD,EDRC-USD,2023-04-14,0.0042559998109936,0.0043190000578761,0.0039929999038577,0.0042679999023675,0.0042679999023675,86
EDRCoin USD,EDRC-USD,2023-04-15,0.0042679999023675,0.0042809997685253,0.004236000124365,0.00424600020051,0.00424600020051,0
EDRCoin USD,EDRC-USD,2023-04-16,0.00424600020051,0.00424600020051,0.0036230001132935,0.0039420002140104,0.0039420002140104,43
EDRCoin USD,EDRC-USD,2023-04-17,0.0039420002140104,0.0039420002140104,0.003224000101909,0.0032379999756813,0.0032379999756813,40
EDRCoin USD,EDRC-USD,2023-04-18,0.0032389999832957,0.0033470001071691,0.0032130000181496,0.0033420000690966,0.0033420000690966,0
EDRCoin USD,EDRC-USD,2023-04-19,0.0033420000690966,0.0033430000767111,0.0031580000650137,0.003171999938786,0.003171999938786,0
EDRCoin USD,EDRC-USD,2023-04-20,0.003171999938786,0.0031959998887032,0.0030900000128895,0.0031089999247342,0.0031089999247342,0
EDRCoin USD,EDRC-USD,2023-04-21,0.0031089999247342,0.0031179999932646,0.0029949999880045,0.003002000041306,0.003002000041306,0
EDRCoin USD,EDRC-USD,2023-04-22,0.003002000041306,0.0030650000553578,0.002989999949932,0.0030610000248998,0.0030610000248998,0
EDRCoin USD,EDRC-USD,2023-04-23,0.0030610000248998,0.0030610000248998,0.0030139998998492,0.0030360000673681,0.0030360000673681,0
EDRCoin USD,EDRC-USD,2023-04-24,0.0030360000673681,0.0030730001162737,0.0029780000913888,0.0030259999912232,0.0030259999912232,0
EDRCoin USD,EDRC-USD,2023-04-25,0.0030259999912232,0.0031179999932646,0.00299399998039,0.0031129999551922,0.0031129999551922,0
EDRCoin USD,EDRC-USD,2023-04-26,0.0031129999551922,0.0032919999212026,0.0030219999607652,0.0031250000465661,0.0031250000465661,0
EDRCoin USD,EDRC-USD,2023-04-27,0.0031250000465661,0.0032770000398159,0.0031240000389516,0.0032409999985247,0.0032409999985247,0
EDRCoin USD,EDRC-USD,2023-04-28,0.0032409999985247,0.0032500000670552,0.0031880000606179,0.0032279998995363,0.0032279998995363,0
EDRCoin USD,EDRC-USD,2023-04-29,0.0032279998995363,0.0032369999680668,0.0032059999648481,0.0032170000486075,0.0032170000486075,0
EDRCoin USD,EDRC-USD,2023-04-30,0.0032170000486075,0.0032889998983591,0.0032019999343901,0.0032250001095235,0.0032250001095235,0
EDRCoin USD,EDRC-USD,2023-05-01,0.003224000101909,0.0033829999156296,0.0030920000281184,0.0033720000647008,0.0033720000647008,3
EDRCoin USD,EDRC-USD,2023-05-02,0.0033720000647008,0.0034610000438988,0.0033529999200254,0.0034409998916089,0.0034409998916089,0
EDRCoin USD,EDRC-USD,2023-05-03,0.0034399998839944,0.0035039999056607,0.0033829999156296,0.003480999963358,0.003480999963358,0
EDRCoin USD,EDRC-USD,2023-05-04,0.0034819999709725,0.0035170000046491,0.0034489999525249,0.0034630000591278,0.0034630000591278,0
EDRCoin USD,EDRC-USD,2023-05-05,0.0034630000591278,0.0035570000763982,0.0034620000515133,0.0035449999850243,0.0035449999850243,0
EDRCoin USD,EDRC-USD,2023-05-06,0.0035449999850243,0.0035749999806284,0.0034260000102221,0.0034700001124292,0.0034700001124292,0
EDRCoin USD,EDRC-USD,2023-05-07,0.0034690001048147,0.0034950000699609,0.0034229999873787,0.0034229999873787,0.0034229999873787,0
EDRCoin USD,EDRC-USD,2023-05-08,0.0034219999797642,0.0034370000939816,0.0032830000855028,0.0033249999396502,0.0033249999396502,0
EDRCoin USD,EDRC-USD,2023-05-09,0.0033239999320358,0.0033370000310242,0.0032889998983591,0.0033189998939633,0.0033189998939633,0
EDRCoin USD,EDRC-USD,2023-05-10,0.0033189998939633,0.0033950000070035,0.0032409999985247,0.0033140000887215,0.0033140000887215,0
EDRCoin USD,EDRC-USD,2023-05-11,0.003315000096336,0.003315000096336,0.0032170000486075,0.0032409999985247,0.0032409999985247,0
EDRCoin USD,EDRC-USD,2023-05-12,0.0032409999985247,0.0032470000442117,0.0031169999856501,0.003216000040993,0.003216000040993,0
EDRCoin USD,EDRC-USD,2023-05-13,0.003216000040993,0.0032359999604523,0.0032079999800771,0.003218000056222,0.003218000056222,0
EDRCoin USD,EDRC-USD,2023-05-14,0.003218000056222,0.0032560001127421,0.0032039999496191,0.0032319999299943,0.0032319999299943,0
EDRCoin USD,EDRC-USD,2023-05-15,0.0032319999299943,0.003315000096336,0.0032130000181496,0.0032649999484419,0.0032649999484419,0
EDRCoin USD,EDRC-USD,2023-05-16,0.0032649999484419,0.0032740000169724,0.0032309999223798,0.0032450000289827,0.0032450000289827,0
EDRCoin USD,EDRC-USD,2023-05-17,0.0032450000289827,0.0032929999288171,0.0031940001063048,0.0032870001159608,0.0032870001159608,0
EDRCoin USD,EDRC-USD,2023-05-18,0.0032870001159608,0.0032909999135881,0.0031789999920874,0.0032210000790655,0.0032210000790655,0
EDRCoin USD,EDRC-USD,2023-05-19,0.0032210000790655,0.0032540000975131,0.0032140000257641,0.0032259998843073,0.0032259998843073,0
EDRCoin USD,EDRC-USD,2023-05-20,0.0032269998919218,0.0032560001127421,0.00322200008668,0.0032540000975131,0.0032540000975131,0
EDRCoin USD,EDRC-USD,2023-05-21,0.0032540000975131,0.0032679999712854,0.0032069999724626,0.0032110000029206,0.0032110000029206,0
EDRCoin USD,EDRC-USD,2023-05-22,0.0032110000029206,0.0032440000213682,0.0031890000682324,0.003224000101909,0.003224000101909,0
EDRCoin USD,EDRC-USD,2023-05-23,0.003224000101909,0.0032909999135881,0.003220000071451,0.0032669999636709,0.0032669999636709,0
EDRCoin USD,EDRC-USD,2023-05-24,0.0032669999636709,0.0032669999636709,0.0031399999279528,0.0031620000954717,0.0031620000954717,0
EDRCoin USD,EDRC-USD,2023-05-25,0.0031620000954717,0.0031860000453889,0.0031149999704211,0.0031769999768584,0.0031769999768584,0
EDRCoin USD,EDRC-USD,2023-05-26,0.0031769999768584,0.003224000101909,0.0031630001030862,0.0032069999724626,0.0032069999724626,0
EDRCoin USD,EDRC-USD,2023-05-27,0.0032069999724626,0.003224000101909,0.0031969998963177,0.0032230000942945,0.0032230000942945,0
EDRCoin USD,EDRC-USD,2023-05-28,0.0032230000942945,0.0033789998851716,0.003218000056222,0.0033700000494718,0.0033700000494718,0
EDRCoin USD,EDRC-USD,2023-05-29,0.0033710000570863,0.0034060000907629,0.003309000050649,0.0033299999777227,0.0033299999777227,0
EDRCoin USD,EDRC-USD,2023-05-30,0.0033299999777227,0.0033629999961704,0.003315000096336,0.0033249999396502,0.0033249999396502,0
EDRCoin USD,EDRC-USD,2023-05-31,0.0033259999472647,0.0033380000386387,0.0032279998995363,0.0032669999636709,0.0032669999636709,0
EDRCoin USD,EDRC-USD,2023-06-01,0.0032669999636709,0.0032790000550448,0.0032039999496191,0.0032190000638365,0.0032190000638365,0
EDRCoin USD,EDRC-USD,2023-06-02,0.0032190000638365,0.0032750000245869,0.0031940001063048,0.0032709999941289,0.0032709999941289,0
EDRCoin USD,EDRC-USD,2023-06-03,0.0032709999941289,0.0032770000398159,0.0032389999832957,0.0032500000670552,0.0032500000670552,0
EDRCoin USD,EDRC-USD,2023-06-04,0.0032500000670552,0.0032870001159608,0.0032389999832957,0.0032540000975131,0.0032540000975131,0
EDRCoin USD,EDRC-USD,2023-06-05,0.0032540000975131,0.0032560001127421,0.0030590000096708,0.0030940000433474,0.0030940000433474,0
EDRCoin USD,EDRC-USD,2023-06-06,0.0030930000357329,0.0032730000093579,0.0030569999944418,0.0032669999636709,0.0032669999636709,0
EDRCoin USD,EDRC-USD,2023-06-07,0.0032669999636709,0.0032770000398159,0.0031459999736398,0.0031630001030862,0.0031630001030862,0
EDRCoin USD,EDRC-USD,2023-06-08,0.0031630001030862,0.0032110000029206,0.0031520000193268,0.0031820000149309,0.0031820000149309,0
EDRCoin USD,EDRC-USD,2023-06-09,0.0031820000149309,0.0032099999953061,0.0031640001107007,0.0031789999920874,0.0031789999920874,0
EDRCoin USD,EDRC-USD,2023-06-10,0.0031789999920874,0.0031830000225454,0.0030630000401288,0.0031030001118779,0.0031030001118779,3
EDRCoin USD,EDRC-USD,2023-06-11,0.0031030001118779,0.0031429999507963,0.003082999959588,0.0031119999475777,0.0031119999475777,0
EDRCoin USD,EDRC-USD,2023-06-12,0.0031119999475777,0.0031290000770241,0.003084999974817,0.0031089999247342,0.0031089999247342,0
EDRCoin USD,EDRC-USD,2023-06-13,0.0031089999247342,0.0031580000650137,0.0030910000205039,0.0031109999399632,0.0031109999399632,0
EDRCoin USD,EDRC-USD,2023-06-14,0.0031109999399632,0.0031250000465661,0.0029889999423176,0.0030149999074637,0.0030149999074637,0
EDRCoin USD,EDRC-USD,2023-06-15,0.0030149999074637,0.003080999944359,0.0029810001142323,0.0030690000858157,0.0030690000858157,0
EDRCoin USD,EDRC-USD,2023-06-16,0.0030690000858157,0.0031709999311715,0.0030380000825971,0.0031600000802427,0.0031600000802427,0
EDRCoin USD,EDRC-USD,2023-06-17,0.0031600000802427,0.0032079999800771,0.0031449999660253,0.0031820000149309,0.0031820000149309,0
EDRCoin USD,EDRC-USD,2023-06-18,0.0031820000149309,0.0031979999039322,0.0031620000954717,0.0031630001030862,0.0031630001030862,0
EDRCoin USD,EDRC-USD,2023-06-19,0.0031630001030862,0.0032349999528378,0.0031590000726282,0.003216000040993,0.003216000040993,0
EDRCoin USD,EDRC-USD,2023-06-20,0.0032170000486075,0.0034030000679194,0.0032029999420046,0.0033990000374615,0.0033990000374615,0
EDRCoin USD,EDRC-USD,2023-06-21,0.0033990000374615,0.0039309998974204,0.003393999999389,0.0039079999551177,0.0039079999551177,7
EDRCoin USD,EDRC-USD,2023-06-22,0.0039070001803338,0.0039590001106262,0.0038620000705122,0.0038910000585019,0.0038910000585019,0
EDRCoin USD,EDRC-USD,2023-06-23,0.0038910000585019,0.0040750000625848,0.0038819999899715,0.0039880000986158,0.0039880000986158,0
EDRCoin USD,EDRC-USD,2023-06-24,0.0039880000986158,0.0040020002052187,0.0039429999887943,0.0039719999767839,0.0039719999767839,0
EDRCoin USD,EDRC-USD,2023-06-25,0.0039719999767839,0.0040310001932084,0.0039479997940361,0.003961999900639,0.003961999900639,0
EDRCoin USD,EDRC-USD,2023-06-26,0.003961999900639,0.0039800000376999,0.0039019999094307,0.0039360001683235,0.0039360001683235,0
EDRCoin USD,EDRC-USD,2023-06-27,0.0039360001683235,0.0040210001170635,0.0039320001378655,0.0039889998733997,0.0039889998733997,0
EDRCoin USD,EDRC-USD,2023-06-28,0.0039889998733997,0.0039900001138448,0.0038980001118034,0.0039110002107918,0.0039110002107918,0
EDRCoin USD,EDRC-USD,2023-06-29,0.0039110002107918,0.0040020002052187,0.0039090001955628,0.0039590001106262,0.0039590001106262,0
EDRCoin USD,EDRC-USD,2023-06-30,0.0039590001106262,0.0040569999255239,0.0038660001009702,0.0039630001410841,0.0039630001410841,0
EDRCoin USD,EDRC-USD,2023-07-01,0.0039630001410841,0.0039829998277127,0.0039429999887943,0.0039780000224709,0.0039780000224709,0
EDRCoin USD,EDRC-USD,2023-07-02,0.0039780000224709,0.0039989999495446,0.0039369999431073,0.0039809998124837,0.0039809998124837,0
EDRCoin USD,EDRC-USD,2023-07-03,0.0039809998124837,0.0040719998069107,0.0039780000224709,0.004048999864608,0.004048999864608,0
EDRCoin USD,EDRC-USD,2023-07-04,0.0040500001050531,0.0040699997916817,0.0039909998886287,0.0040009999647736,0.0040009999647736,0
EDRCoin USD,EDRC-USD,2023-07-05,0.0040009999647736,0.0040139998309314,0.0039320001378655,0.0039670001715421,0.0039670001715421,0
EDRCoin USD,EDRC-USD,2023-07-06,0.003965999931097,0.0040819998830556,0.0038920000661164,0.0038920000661164,0.0038920000661164,0
EDRCoin USD,EDRC-USD,2023-07-07,0.0038920000661164,0.0039550000801682,0.003872999921441,0.0039450000040233,0.0039450000040233,0
EDRCoin USD,EDRC-USD,2023-07-08,0.0039450000040233,0.0039479997940361,0.0039130002260208,0.0039380001835525,0.0039380001835525,0
EDRCoin USD,EDRC-USD,2023-07-09,0.0039380001835525,0.0039530000649392,0.0039140000008046,0.0039229998365044,0.0039229998365044,0
EDRCoin USD,EDRC-USD,2023-07-10,0.0039229998365044,0.0040239999070763,0.0039009999018162,0.0039530000649392,0.0039530000649392,0
EDRCoin USD,EDRC-USD,2023-07-11,0.0039539998397231,0.0039920001290738,0.0039479997940361,0.0039820000529289,0.0039820000529289,0
EDRCoin USD,EDRC-USD,2023-07-12,0.0039820000529289,0.0040179998613893,0.0039349999278783,0.0039519998244941,0.0039519998244941,0
EDRCoin USD,EDRC-USD,2023-07-13,0.0039519998244941,0.0041229999624192,0.0039360001683235,0.0040930001996457,0.0040930001996457,0
EDRCoin USD,EDRC-USD,2023-07-14,0.0040930001996457,0.0041020000353455,0.0039019999094307,0.0039450000040233,0.0039450000040233,0
EDRCoin USD,EDRC-USD,2023-07-15,0.0039450000040233,0.0039519998244941,0.0039360001683235,0.0039409999735653,0.0039409999735653,0
EDRCoin USD,EDRC-USD,2023-07-16,0.0039409999735653,0.0039570000953972,0.0039189998060464,0.0039309998974204,0.0039309998974204,0
EDRCoin USD,EDRC-USD,2023-07-17,0.0039320001378655,0.0039450000040233,0.0038689998909831,0.0039209998212754,0.0039209998212754,0
EDRCoin USD,EDRC-USD,2023-07-18,0.0039209998212754,0.0039309998974204,0.0038630000781267,0.003882999997586,0.003882999997586,0
EDRCoin USD,EDRC-USD,2023-07-19,0.003882999997586,0.0039209998212754,0.0038779999595135,0.0038910000585019,0.0038910000585019,0
EDRCoin USD,EDRC-USD,2023-07-20,0.0038900000508874,0.0039530000649392,0.0038540000095963,0.0038759999442845,0.0038759999442845,0
EDRCoin USD,EDRC-USD,2023-07-21,0.0038759999442845,0.0039049999322742,0.0038680001161992,0.0038890000432729,0.0038890000432729,0
EDRCoin USD,EDRC-USD,2023-07-22,0.0038890000432729,0.0038980001118034,0.0038590000476688,0.003870999906212,0.003870999906212,0
EDRCoin USD,EDRC-USD,2023-07-23,0.003870999906212,0.0039389999583363,0.0038680001161992,0.0039099999703466,0.0039099999703466,0
EDRCoin USD,EDRC-USD,2023-07-24,0.0039090001955628,0.0041800001636147,0.0038590000476688,0.0040859999135136,0.0040859999135136,27
EDRCoin USD,EDRC-USD,2023-07-25,0.0040870001539587,0.0041080000810325,0.0040710000321269,0.0040930001996457,0.0040930001996457,0
EDRCoin USD,EDRC-USD,2023-07-26,0.0040930001996457,0.0041080000810325,0.0026249999646097,0.0026430001016706,0.0026430001016706,172
EDRCoin USD,EDRC-USD,2023-07-27,0.0026430001016706,0.0026599999982863,0.0026209999341517,0.0026300000026822,0.0026300000026822,0
EDRCoin USD,EDRC-USD,2023-07-28,0.0026300000026822,0.0026549999602138,0.0026219999417662,0.0026400000788271,0.0026400000788271,0
EDRCoin USD,EDRC-USD,2023-07-29,0.0026400000788271,0.0026459998916834,0.0026350000407546,0.0026430001016706,0.0026430001016706,0
EDRCoin USD,EDRC-USD,2023-07-30,0.0026430001016706,0.0026489999145269,0.0026189999189227,0.0026350000407546,0.0026350000407546,0
EDRCoin USD,EDRC-USD,2023-07-31,0.0026350000407546,0.0026539999525994,0.0026239999569952,0.0026310000102967,0.0026310000102967,0
EDRCoin USD,EDRC-USD,2023-08-01,0.0026320000179111,0.0026670000515878,0.0025889999233186,0.0026670000515878,0.0026670000515878,0
EDRCoin USD,EDRC-USD,2023-08-02,0.0026670000515878,0.0026980000548064,0.0026120000984519,0.0026239999569952,0.0026239999569952,0
EDRCoin USD,EDRC-USD,2023-08-03,0.0026249999646097,0.0026420000940561,0.0026100000832229,0.0026269999798387,0.0026269999798387,0
EDRCoin USD,EDRC-USD,2023-08-04,0.0026269999798387,0.0026380000635981,0.002602000022307,0.0026169999036937,0.0026169999036937,0
EDRCoin USD,EDRC-USD,2023-08-05,0.0026169999036937,0.0026199999265372,0.0026080000679939,0.0026159998960793,0.0026159998960793,0
EDRCoin USD,EDRC-USD,2023-08-06,0.0026159998960793,0.0026249999646097,0.0026080000679939,0.0026149998884648,0.0026149998884648,0
EDRCoin USD,EDRC-USD,2023-08-07,0.0026149998884648,0.0026310000102967,0.0025879999157041,0.0026269999798387,0.0026269999798387,0
EDRCoin USD,EDRC-USD,2023-08-08,0.0026269999798387,0.0027099999133497,0.0026199999265372,0.002678999910131,0.002678999910131,0
EDRCoin USD,EDRC-USD,2023-08-09,0.002678999910131,0.0027040001004934,0.0026469998992979,0.0026630000211298,0.0026630000211298,0
EDRCoin USD,EDRC-USD,2023-08-10,0.0026630000211298,0.0026720000896602,0.0026440001092851,0.0026489999145269,0.0026489999145269,0
EDRCoin USD,EDRC-USD,2023-08-11,0.0026489999145269,0.0026559999678283,0.0026370000559836,0.0026469998992979,0.0026469998992979,0
EDRCoin USD,EDRC-USD,2023-08-12,0.0026469998992979,0.0026519999373704,0.0026430001016706,0.0026489999145269,0.0026489999145269,0
EDRCoin USD,EDRC-USD,2023-08-13,0.0026489999145269,0.0026509999297559,0.0026350000407546,0.0026370000559836,0.0026370000559836,0
EDRCoin USD,EDRC-USD,2023-08-14,0.0026370000559836,0.0026680000592023,0.0026219999417662,0.0026469998992979,0.0026469998992979,0
EDRCoin USD,EDRC-USD,2023-08-15,0.0026469998992979,0.0026489999145269,0.0026179999113082,0.0026259999722242,0.0026259999722242,0
EDRCoin USD,EDRC-USD,2023-08-16,0.0026259999722242,0.0026300000026822,0.0025869999080896,0.0025869999080896,0.0025869999080896,0
EDRCoin USD,EDRC-USD,2023-08-17,0.0025869999080896,0.0025879999157041,0.0023030000738799,0.0024000001139938,0.0024000001139938,0
EDRCoin USD,EDRC-USD,2023-08-18,0.0024000001139938,0.0024129999801516,0.0023189999628812,0.0023459999356418,0.0023459999356418,0
EDRCoin USD,EDRC-USD,2023-08-19,0.0023459999356418,0.0023620000574737,0.0023250000085681,0.0023499999660998,0.0023499999660998,0
EDRCoin USD,EDRC-USD,2023-08-20,0.0023499999660998,0.0023640000727027,0.0023429999127984,0.0023580000270158,0.0023580000270158,0
EDRCoin USD,EDRC-USD,2023-08-21,0.0023580000270158,0.0023580000270158,0.0023310000542551,0.0023509999737143,0.0023509999737143,0
EDRCoin USD,EDRC-USD,2023-08-22,0.0023509999737143,0.0023529999889433,0.0022990000434219,0.0023429999127984,0.0023429999127984,0
EDRCoin USD,EDRC-USD,2023-08-23,0.0023429999127984,0.0024089999496936,0.0023240000009536,0.002379999961704,0.002379999961704,0
EDRCoin USD,EDRC-USD,2023-08-24,0.0023809999693185,0.0023880000226199,0.002337000099942,0.0023550000041723,0.0023550000041723,0
EDRCoin USD,EDRC-USD,2023-08-25,0.0023550000041723,0.0023590000346302,0.0023270000237971,0.0023459999356418,0.0023459999356418,0
EDRCoin USD,EDRC-USD,2023-08-26,0.0023459999356418,0.0023479999508708,0.0023399998899549,0.0023419999051839,0.0023419999051839,0
EDRCoin USD,EDRC-USD,2023-08-27,0.0023419999051839,0.0023550000041723,0.002339000115171,0.0023489999584853,0.0023489999584853,0
EDRCoin USD,EDRC-USD,2023-08-28,0.0023489999584853,0.0023580000270158,0.0023310000542551,0.0023499999660998,0.0023499999660998,0
EDRCoin USD,EDRC-USD,2023-08-29,0.0023499999660998,0.0025220001116394,0.0023340000770986,0.0024939998984336,0.0024939998984336,0
EDRCoin USD,EDRC-USD,2023-08-30,0.0024949999060481,0.0024959999136626,0.0024389999452978,0.0024580000899732,0.0024580000899732,0
EDRCoin USD,EDRC-USD,2023-08-31,0.0024580000899732,0.0024709999561309,0.0023250000085681,0.0023360000923275,0.0023360000923275,0
EDRCoin USD,EDRC-USD,2023-09-01,0.0023360000923275,0.0023509999737143,0.0022879999596625,0.0023229999933391,0.0023229999933391,0
EDRCoin USD,EDRC-USD,2023-09-02,0.0023229999933391,0.002337000099942,0.0023189999628812,0.0023300000466406,0.0023300000466406,0
EDRCoin USD,EDRC-USD,2023-09-03,0.0023300000466406,0.0023459999356418,0.0023240000009536,0.0023380001075565,0.0023380001075565,0
EDRCoin USD,EDRC-USD,2023-09-04,0.0023380001075565,0.0023459999356418,0.0023119999095797,0.0023250000085681,0.0023250000085681,0
EDRCoin USD,EDRC-USD,2023-09-05,0.0023250000085681,0.0023260000161826,0.0023060000967234,0.0023209999781101,0.0023209999781101,0
EDRCoin USD,EDRC-USD,2023-09-06,0.0023209999781101,0.0023350000847131,0.002290999982506,0.0023189999628812,0.0023189999628812,0
EDRCoin USD,EDRC-USD,2023-09-07,0.0023189999628812,0.002373999916017,0.0023080001119524,0.0023600000422447,0.0023600000422447,0
EDRCoin USD,EDRC-USD,2023-09-08,0.0023610000498592,0.0023749999236315,0.0023169999476522,0.0023330000694841,0.0023330000694841,0
EDRCoin USD,EDRC-USD,2023-09-09,0.0023330000694841,0.0023330000694841,0.0023240000009536,0.0023310000542551,0.0023310000542551,0
EDRCoin USD,EDRC-USD,2023-09-10,0.0023310000542551,0.002337000099942,0.0023099998943507,0.0023260000161826,0.0023260000161826,0
EDRCoin USD,EDRC-USD,2023-09-11,0.0023260000161826,0.0023290000390261,0.0022499999031424,0.0022650000173598,0.0022650000173598,0
EDRCoin USD,EDRC-USD,2023-09-12,0.0022650000173598,0.002373999916017,0.0022630000021308,0.0023280000314116,0.0023280000314116,0
EDRCoin USD,EDRC-USD,2023-09-13,0.0023280000314116,0.0023729999084025,0.0023240000009536,0.0023610000498592,0.0023610000498592,0
EDRCoin USD,EDRC-USD,2023-09-14,0.0023614368401467,0.0024055277463048,0.0023564596194773,0.0023963728453963,0.0023963728453963,172
EDRCoin USD,EDRC-USD,2023-09-15,0.0023883683606982,0.0023991190828382,0.0023841455113142,0.0023918861988931,0.0023918861988931,172
EDRCoin USD,EDRC-USD,2023-09-16,0.0023966575972735,0.0023976929951459,0.0023960729595273,0.0023960729595273,0.0023960729595273,172
EDRCoin USD,EDRC-USD,2023-09-17,0.0023910482414066,0.0023910482414066,0.002390909474343,0.002390909474343,0.002390909474343,172
EDRCoin USD,EDRC-USD,2023-09-18,0.0023910482414066,0.0023952610790729,0.0023795051965862,0.0023883411195129,0.0023883411195129,172
EDRCoin USD,EDRC-USD,2023-09-19,0.0023880340158939,0.0024656329769641,0.0023787522222846,0.0024107887875288,0.0024107887875288,172
EDRCoin USD,EDRC-USD,2023-09-21,0.0024406786542385,0.0024410993792116,0.002439531031996,0.002439531031996,0.002439531031996,172
EDRCoin USD,EDRC-USD,2023-09-22,0.0023930307943373,0.0023933683987706,0.002386785345152,0.002386785345152,0.002386785345152,172
EDRCoin USD,EDRC-USD,2023-09-24,0.0023923667613416,0.0023938792292028,0.0023913057520985,0.0023913162294775,0.0023913162294775,172
EDRCoin USD,EDRC-USD,2023-09-25,0.0023628077469766,0.0023628077469766,0.0023585020098835,0.0023585020098835,0.0023585020098835,172
EDRCoin USD,EDRC-USD,2023-09-20,0.0024500000290572,0.002462999895215,0.0024210000410676,0.0024419999681413,0.0024419999681413,0
EDRCoin USD,EDRC-USD,2023-09-23,0.0023930000606924,0.0023970000911504,0.0023880000226199,0.0023930000606924,0.0023930000606924,0
EDRCoin USD,EDRC-USD,2023-09-26,0.0023628077469766,0.0023757233284413,0.0023436723276972,0.00236651673913,0.00236651673913,172
EDRCoin USD,EDRC-USD,2023-09-27,0.0023602680303156,0.0024104714393615,0.0023536670487374,0.002366762375459,0.002366762375459,172
EDRCoin USD,EDRC-USD,2023-09-28,0.0023717903532087,0.002449634950608,0.0023703088518232,0.0024340096861124,0.0024340096861124,172
EDRCoin USD,EDRC-USD,2023-09-29,0.002433888381347,0.0024456500541418,0.0024111799430102,0.0024195739533752,0.0024195739533752,172
EDRCoin USD,EDRC-USD,2023-09-30,0.0024217027239501,0.002437787130475,0.0024204598739743,0.0024293032474815,0.0024293032474815,172
EDRCoin USD,EDRC-USD,2023-10-01,0.0024276471231132,0.0025174906477332,0.0024276471231132,0.0025105325039476,0.0025105325039476,172
EDRCoin USD,EDRC-USD,2023-10-02,0.0025198811199516,0.0025595133192837,0.0024705717805773,0.0024775255005806,0.0024775255005806,172
EDRCoin USD,EDRC-USD,2023-10-03,0.0024794999044388533,0.002489714650437236,0.0024527336936444044,0.0024586638901382685,0.0024586638901382685,172
