Name,Symbol,Date,Open,High,Low,Close,Adj Close,Volume
Funex USD,FUNEX-USD,2022-08-10,0.000609999988228,0.000609999988228,0.000609999988228,0.000609999988228,0.000609999988228,6271
Funex USD,FUNEX-USD,2022-08-11,0.000609999988228,0.0300099998712539,0.000609999988228,0.0232539996504783,0.0232539996504783,4974
Funex USD,FUNEX-USD,2022-08-12,0.0232539996504783,0.0264769997447729,0.0008200000156648,0.0149149997159838,0.0149149997159838,35893
Funex USD,FUNEX-USD,2022-08-13,0.0149149997159838,0.0171249993145465,0.0091540003195405,0.0140049997717142,0.0140049997717142,1088
Funex USD,FUNEX-USD,2022-08-14,0.0140049997717142,0.0140060000121593,0.0100020002573728,0.0125029999762773,0.0125029999762773,307
Funex USD,FUNEX-USD,2022-08-15,0.0125029999762773,0.114946998655796,0.0125029999762773,0.063130997121334,0.063130997121334,25378
Funex USD,FUNEX-USD,2022-08-16,0.063130997121334,0.0631370022892952,0.0300040002912282,0.0350040011107921,0.0350040011107921,947
Funex USD,FUNEX-USD,2022-08-17,0.0350040011107921,0.0375050008296966,0.0350009985268116,0.0350029990077018,0.0350029990077018,5140
Funex USD,FUNEX-USD,2022-08-18,0.0350029990077018,0.0400049984455108,0.0290009994059801,0.0299999993294477,0.0299999993294477,5352
Funex USD,FUNEX-USD,2022-08-19,0.0299999993294477,0.0359999984502792,0.0240000002086162,0.0290029998868703,0.0290029998868703,5226
Funex USD,FUNEX-USD,2022-08-20,0.0290029998868703,0.0640069991350174,0.0240010004490613,0.0459990017116069,0.0459990017116069,3461
Funex USD,FUNEX-USD,2022-08-21,0.0459990017116069,0.089707002043724,0.0409989990293979,0.0649999976158142,0.0649999976158142,1826
Funex USD,FUNEX-USD,2022-08-22,0.0649999976158142,0.0887060016393661,0.0429969988763332,0.0649989992380142,0.0649989992380142,1738
Funex USD,FUNEX-USD,2022-08-23,0.0649989992380142,0.0850040018558502,0.0514939986169338,0.0709989964962005,0.0709989964962005,2336
Funex USD,FUNEX-USD,2022-08-24,0.0709989964962005,0.0710060000419616,0.0620980001986026,0.0621020011603832,0.0621020011603832,162
Funex USD,FUNEX-USD,2022-08-25,0.0621020011603832,0.0740030035376548,0.0620010010898113,0.0650049969553947,0.0650049969553947,4524
Funex USD,FUNEX-USD,2022-08-26,0.0650049969553947,0.0700099989771843,0.0650010034441948,0.0700030028820037,0.0700030028820037,35
Funex USD,FUNEX-USD,2022-08-27,0.0700040012598037,0.0810099989175796,0.0600019991397857,0.0810019969940185,0.0810019969940185,4298
Funex USD,FUNEX-USD,2022-08-28,0.0810009986162185,0.09043800085783,0.0790010020136833,0.0800020024180412,0.0800020024180412,505
Funex USD,FUNEX-USD,2022-08-29,0.0800039991736412,0.1490110009908676,0.0799980014562606,0.1490049958229065,0.1490049958229065,1768
Funex USD,FUNEX-USD,2022-08-30,0.1490059942007064,0.1500349938869476,0.0879980027675628,0.1500120013952255,0.1500120013952255,241
Funex USD,FUNEX-USD,2022-08-31,0.1500139981508255,0.1500190049409866,0.0999969989061355,0.1000019982457161,0.1000019982457161,20
Funex USD,FUNEX-USD,2022-09-01,0.1000009998679161,0.1399099975824356,0.0999969989061355,0.1130009964108467,0.1130009964108467,4367
Funex USD,FUNEX-USD,2022-09-02,0.1129999980330467,0.1750189960002899,0.1120039969682693,0.1750160008668899,0.1750160008668899,559
Funex USD,FUNEX-USD,2022-09-03,0.1750160008668899,0.1750199943780899,0.100002996623516,0.1000069975852966,0.1000069975852966,10
Funex USD,FUNEX-USD,2022-09-04,0.1000080034136772,0.1440110057592392,0.0999969989061355,0.144008994102478,0.144008994102478,1324
Funex USD,FUNEX-USD,2022-09-05,0.144008994102478,0.3993670046329498,0.1082770004868507,0.3192580044269562,0.3192580044269562,31287
Funex USD,FUNEX-USD,2022-09-06,0.3192780017852783,0.386370986700058,0.2570360004901886,0.2973169982433319,0.2973169982433319,5874
Funex USD,FUNEX-USD,2022-09-07,0.2972840070724487,0.3907659947872162,0.2961379885673523,0.3904899954795837,0.3904899954795837,4667
Funex USD,FUNEX-USD,2022-09-08,0.3904690146446228,0.3907490074634552,0.3580740094184875,0.3607540130615234,0.3607540130615234,653
Funex USD,FUNEX-USD,2022-09-09,0.3607659935951233,0.7887639999389648,0.3580729961395263,0.6848289966583252,0.6848289966583252,18268
Funex USD,FUNEX-USD,2022-09-10,0.6848580241203308,0.7040960192680359,0.5281999707221985,0.5396749973297119,0.5396749973297119,7927
Funex USD,FUNEX-USD,2022-09-11,0.5396689772605896,0.5944370031356812,0.4523189961910248,0.5628669857978821,0.5628669857978821,20116
Funex USD,FUNEX-USD,2022-09-12,0.5628600120544434,0.5660179853439331,0.4923569858074188,0.4950329959392547,0.4950329959392547,2137
Funex USD,FUNEX-USD,2022-09-13,0.4950119853019714,0.5149570107460022,0.2625269889831543,0.3469400107860565,0.3469400107860565,26275
Funex USD,FUNEX-USD,2022-09-14,0.3548089861869812,0.3548209965229034,0.2553940117359161,0.3161030113697052,0.3161030113697052,5689
Funex USD,FUNEX-USD,2022-09-15,0.3160940110683441,0.317887008190155,0.2918390035629272,0.2926590144634247,0.2926590144634247,587
Funex USD,FUNEX-USD,2022-09-16,0.2926760017871856,0.2994680106639862,0.223701998591423,0.2984890043735504,0.2984890043735504,4961
Funex USD,FUNEX-USD,2022-09-17,0.2984929978847503,0.4102300107479095,0.2984929978847503,0.34340700507164,0.34340700507164,5985
Funex USD,FUNEX-USD,2022-09-18,0.3434059917926788,0.3438239991664886,0.3160769939422607,0.3196280002593994,0.3196280002593994,674
Funex USD,FUNEX-USD,2022-09-19,0.3195930123329162,0.3211329877376556,0.3046340048313141,0.3081969916820526,0.3081969916820526,189
Funex USD,FUNEX-USD,2022-09-20,0.3081780076026916,0.3099730014801025,0.1823759973049163,0.2639960050582886,0.2639960050582886,17845
Funex USD,FUNEX-USD,2022-09-21,0.2639960050582886,0.2646560072898865,0.2135159969329834,0.2233379930257797,0.2233379930257797,6194
Funex USD,FUNEX-USD,2022-09-22,0.2232899963855743,0.2281839996576309,0.2200089991092682,0.2279150038957595,0.2279150038957595,212
Funex USD,FUNEX-USD,2022-09-23,0.2279160022735595,0.2313089966773986,0.1842540055513382,0.20762699842453,0.20762699842453,2429
Funex USD,FUNEX-USD,2022-09-24,0.2076220065355301,0.2078060060739517,0.1265760064125061,0.1843139976263046,0.1843139976263046,18532
Funex USD,FUNEX-USD,2022-09-25,0.1843049973249435,0.1932390034198761,0.1566070020198822,0.1818940043449401,0.1818940043449401,5494
Funex USD,FUNEX-USD,2022-09-26,0.1819099932909011,0.1820300072431564,0.1391160041093826,0.1620160043239593,0.1620160043239593,2926
Funex USD,FUNEX-USD,2022-09-27,0.1620150059461593,0.1635150015354156,0.1149839982390403,0.1324770003557205,0.1324770003557205,2434
Funex USD,FUNEX-USD,2022-09-28,0.1324570029973983,0.132761001586914,0.1155970022082328,0.1180929988622665,0.1180929988622665,610
Funex USD,FUNEX-USD,2022-09-29,0.118096999824047,0.1196530014276504,0.076943002641201,0.0900619998574256,0.0900619998574256,2554
Funex USD,FUNEX-USD,2022-09-30,0.0900639966130256,0.1187589988112449,0.0897959992289543,0.1005399972200393,0.1005399972200393,1720
Funex USD,FUNEX-USD,2022-10-01,0.1005299985408783,0.1467829942703247,0.1005299985408783,0.1467549949884414,0.1467549949884414,1759
Funex USD,FUNEX-USD,2022-10-02,0.1467600017786026,0.1668380051851272,0.1463840007781982,0.1542949974536895,0.1542949974536895,2195
Funex USD,FUNEX-USD,2022-10-03,0.1543069928884506,0.1663359999656677,0.1343100070953369,0.1449020057916641,0.1449020057916641,8832
Funex USD,FUNEX-USD,2022-10-04,0.1448989957571029,0.1506330072879791,0.1065519973635673,0.1096829995512962,0.1096829995512962,1897
Funex USD,FUNEX-USD,2022-10-05,0.1096780002117157,0.1127369999885559,0.1042520031332969,0.1126200035214424,0.1126200035214424,9207
Funex USD,FUNEX-USD,2022-10-06,0.1126279979944229,0.1834519952535629,0.0990199968218803,0.0998070016503334,0.0998070016503334,861
Funex USD,FUNEX-USD,2022-10-07,0.0998089984059333,0.106013998389244,0.0794079974293708,0.083575002849102,0.083575002849102,4441
Funex USD,FUNEX-USD,2022-10-08,0.0835739970207214,0.1121430024504661,0.0830999985337257,0.1082239970564842,0.1082239970564842,4785
Funex USD,FUNEX-USD,2022-10-09,0.1082200035452842,0.1082200035452842,0.0734769999980926,0.0735680013895034,0.0735680013895034,696
Funex USD,FUNEX-USD,2022-10-10,0.0735680013895034,0.0740899965167045,0.0649439990520477,0.065089002251625,0.065089002251625,438
Funex USD,FUNEX-USD,2022-10-11,0.0650810003280639,0.069582998752594,0.061949998140335,0.0661190003156662,0.0661190003156662,2944
Funex USD,FUNEX-USD,2022-10-12,0.0661249980330467,0.070263996720314,0.0652649998664856,0.0682360008358955,0.0682360008358955,2783
Funex USD,FUNEX-USD,2022-10-13,0.0682279989123344,0.1053759977221489,0.0663120001554489,0.0667880028486251,0.0667880028486251,14107
Funex USD,FUNEX-USD,2022-10-14,0.0667869970202446,0.0686590000987052,0.0641499981284141,0.0647300034761428,0.0647300034761428,9845
Funex USD,FUNEX-USD,2022-10-15,0.064751997590065,0.0896840021014213,0.0445600003004074,0.0733140036463737,0.0733140036463737,18754
Funex USD,FUNEX-USD,2022-10-16,0.0733129978179931,0.0895449966192245,0.0717760026454925,0.0870010033249855,0.0870010033249855,11444
Funex USD,FUNEX-USD,2022-10-17,0.0869999974966049,0.0996410027146339,0.0853630006313324,0.0889910012483596,0.0889910012483596,11014
Funex USD,FUNEX-USD,2022-10-18,0.0889910012483596,0.0890149995684623,0.0335550010204315,0.0335749983787536,0.0335749983787536,9503
Funex USD,FUNEX-USD,2022-10-19,0.0335740000009536,0.071782000362873,0.0282419994473457,0.0576970018446445,0.0576970018446445,7827
Funex USD,FUNEX-USD,2022-10-20,0.0576970018446445,0.099371001124382,0.0576970018446445,0.0990210026502609,0.0990210026502609,17
Funex USD,FUNEX-USD,2022-10-21,0.0990220010280609,0.0993459969758987,0.0388620011508464,0.0391540005803108,0.0391540005803108,4270
Funex USD,FUNEX-USD,2022-10-22,0.0391540005803108,0.0423620007932186,0.0377600006759166,0.0421789996325969,0.0421789996325969,521
Funex USD,FUNEX-USD,2022-10-23,0.0421780012547969,0.053881000727415,0.0421780012547969,0.053881000727415,0.053881000727415,457
Funex USD,FUNEX-USD,2022-10-24,0.0538839995861053,0.0665910020470619,0.0444349981844425,0.0444599986076355,0.0444599986076355,0
Funex USD,FUNEX-USD,2022-10-25,0.0444580018520355,0.0455209985375404,0.0443510003387928,0.045219000428915,0.045219000428915,0
Funex USD,FUNEX-USD,2022-10-26,0.0452129989862442,0.0710180029273033,0.0270060002803802,0.0490100011229515,0.0490100011229515,0
Funex USD,FUNEX-USD,2022-10-27,0.0490100011229515,0.0498109981417655,0.0386300012469291,0.0386339984834194,0.0386339984834194,436
Funex USD,FUNEX-USD,2022-10-28,0.0386339984834194,0.0386639982461929,0.0355250015854835,0.0355690009891986,0.0355690009891986,324
Funex USD,FUNEX-USD,2022-10-29,0.0355699993669986,0.0360519997775554,0.0355440005660057,0.0359149985015392,0.0359149985015392,76
Funex USD,FUNEX-USD,2022-10-30,0.0359130017459392,0.04042199999094,0.0357390008866786,0.0394290015101432,0.0394290015101432,265
Funex USD,FUNEX-USD,2022-10-31,0.0394290015101432,0.0395580008625984,0.0390309989452362,0.0395370014011859,0.0395370014011859,0
Funex USD,FUNEX-USD,2022-11-01,0.0395309999585151,0.0395909994840621,0.0390879996120929,0.0392290018498897,0.0392290018498897,0
Funex USD,FUNEX-USD,2022-11-02,0.0392279997467994,0.0704960003495216,0.0344370007514953,0.0344640016555786,0.0344640016555786,265
Funex USD,FUNEX-USD,2022-11-03,0.0344650000333786,0.0363559983670711,0.0344329997897148,0.0363090001046657,0.0363090001046657,109
Funex USD,FUNEX-USD,2022-11-04,0.0362990014255046,0.0377199985086917,0.0355859994888305,0.0377199985086917,0.0377199985086917,101
Funex USD,FUNEX-USD,2022-11-05,0.037721000611782,0.0382709987461566,0.0367170013487339,0.036796998232603,0.036796998232603,52
Funex USD,FUNEX-USD,2022-11-06,0.0367989987134933,0.0377489998936653,0.0360630005598068,0.0361049994826316,0.0361049994826316,13
Funex USD,FUNEX-USD,2022-11-07,0.0361020006239414,0.0396809987723827,0.0359769985079765,0.0390199981629848,0.0390199981629848,579
Funex USD,FUNEX-USD,2022-11-08,0.0390160009264946,0.0392219983041286,0.0373059995472431,0.0378470011055469,0.0378470011055469,199
Funex USD,FUNEX-USD,2022-11-09,0.0378479994833469,0.0397269986569881,0.032235000282526,0.032659001648426,0.032659001648426,87
Funex USD,FUNEX-USD,2022-11-10,0.0326570011675357,0.0379530005156993,0.0324259996414184,0.0372910015285015,0.0372910015285015,78
Funex USD,FUNEX-USD,2022-11-11,0.0372890010476112,0.0374200008809566,0.0351939983665943,0.0360939987003803,0.0360939987003803,0
Funex USD,FUNEX-USD,2022-11-12,0.0361000001430511,0.0361649990081787,0.0342769995331764,0.0354989990592002,0.0354989990592002,0
Funex USD,FUNEX-USD,2022-11-13,0.0355009995400905,0.0362839996814727,0.0326929986476898,0.0328780002892017,0.0328780002892017,0
Funex USD,FUNEX-USD,2022-11-14,0.0328750014305114,0.0330550000071525,0.0295870006084442,0.0319680012762546,0.0319680012762546,12
Funex USD,FUNEX-USD,2022-11-15,0.0319689996540546,0.0409680008888244,0.0319599993526935,0.032515998929739,0.032515998929739,13
Funex USD,FUNEX-USD,2022-11-16,0.032515998929739,0.0336439982056617,0.0322659984230995,0.0330180004239082,0.0330180004239082,53
Funex USD,FUNEX-USD,2022-11-17,0.0330180004239082,0.0339649990200996,0.0326570011675357,0.0339279994368553,0.0339279994368553,31
Funex USD,FUNEX-USD,2022-11-18,0.0339279994368553,0.0374299995601177,0.0339270010590553,0.0367720015347003,0.0367720015347003,430
Funex USD,FUNEX-USD,2022-11-19,0.0367720015347003,0.0373959988355636,0.0365869998931884,0.0367060005664825,0.0367060005664825,0
Funex USD,FUNEX-USD,2022-11-20,0.0367069989442825,0.036846999078989,0.0350890010595321,0.0352099984884262,0.0352099984884262,0
Funex USD,FUNEX-USD,2022-11-21,0.0352069996297359,0.0449629984796047,0.0347350016236305,0.0449590012431144,0.0449590012431144,0
Funex USD,FUNEX-USD,2022-11-22,0.0449590012431144,0.0489589981734752,0.0349159985780715,0.0359669998288154,0.0359669998288154,20
Funex USD,FUNEX-USD,2022-11-23,0.0359660014510154,0.0371540002524852,0.0357059985399246,0.0371220000088214,0.0371220000088214,21
Funex USD,FUNEX-USD,2022-11-24,0.0371240004897117,0.0384280011057853,0.0369290001690387,0.0379480011761188,0.0379480011761188,0
Funex USD,FUNEX-USD,2022-11-25,0.0379440002143383,0.0382010005414485,0.0373959988355636,0.0379960015416145,0.0379960015416145,0
Funex USD,FUNEX-USD,2022-11-26,0.0379969999194145,0.045983001589775,0.0379949994385242,0.0459799990057945,0.0459799990057945,0
Funex USD,FUNEX-USD,2022-11-27,0.0459799990057945,0.0469809994101524,0.0389810018241405,0.0389849990606308,0.0389849990606308,0
Funex USD,FUNEX-USD,2022-11-28,0.0389840006828308,0.0389910005033016,0.0384869985282421,0.0384869985282421,0.0384869985282421,0
Funex USD,FUNEX-USD,2022-11-29,0.0384869985282421,0.1898369938135147,0.0384850017726421,0.058433998376131,0.058433998376131,5992
Funex USD,FUNEX-USD,2022-11-30,0.058433998376131,0.1091509982943534,0.0584300011396408,0.0628369972109794,0.0628369972109794,3927
Funex USD,FUNEX-USD,2022-12-01,0.06283800303936,0.1328109949827194,0.0619870014488697,0.0958710014820098,0.0958710014820098,6212
Funex USD,FUNEX-USD,2022-12-02,0.0958750024437904,0.0960789993405342,0.0584359988570213,0.0599009990692138,0.0599009990692138,2607
Funex USD,FUNEX-USD,2022-12-03,0.0599040016531944,0.0599739998579025,0.0512350015342235,0.051910001784563,0.051910001784563,263
Funex USD,FUNEX-USD,2022-12-04,0.051910001784563,0.0522300004959106,0.0502340011298656,0.0504110008478164,0.0504110008478164,58
Funex USD,FUNEX-USD,2022-12-05,0.0504079982638359,0.0509059987962245,0.049525998532772,0.0496920011937618,0.0496920011937618,61
Funex USD,FUNEX-USD,2022-12-06,0.0496929995715618,0.0778729990124702,0.0491800010204315,0.0712409988045692,0.0712409988045692,13018
Funex USD,FUNEX-USD,2022-12-07,0.0712390020489692,0.0777869969606399,0.067561000585556,0.0688159987330436,0.0688159987330436,15472
Funex USD,FUNEX-USD,2022-12-08,0.0688159987330436,0.0727299973368644,0.0679320022463798,0.0725750029087066,0.0725750029087066,15653
Funex USD,FUNEX-USD,2022-12-09,0.072572998702526,0.0738859996199607,0.0708499997854232,0.0725079998373985,0.0725079998373985,14547
Funex USD,FUNEX-USD,2022-12-10,0.0725079998373985,0.0744440034031868,0.0688859969377517,0.069081000983715,0.069081000983715,15851
Funex USD,FUNEX-USD,2022-12-11,0.069082997739315,0.0727080032229423,0.0689520016312599,0.0717940032482147,0.0717940032482147,14759
Funex USD,FUNEX-USD,2022-12-12,0.0717940032482147,0.0739659965038299,0.0691990032792091,0.0738359987735748,0.0738359987735748,14502
Funex USD,FUNEX-USD,2022-12-13,0.0738340020179748,0.0780410021543502,0.0714899972081184,0.0771080031991005,0.0771080031991005,17122
Funex USD,FUNEX-USD,2022-12-14,0.0771090015769004,0.0863739997148513,0.0748239979147911,0.084936998784542,0.084936998784542,22994
Funex USD,FUNEX-USD,2022-12-15,0.084936998784542,0.084936998784542,0.0736000016331672,0.0741650015115737,0.0741650015115737,23124
Funex USD,FUNEX-USD,2022-12-16,0.0741650015115737,0.0759029984474182,0.0678879991173744,0.0689280033111572,0.0689280033111572,21385
Funex USD,FUNEX-USD,2022-12-17,0.0689309984445571,0.0762929990887641,0.0658179968595504,0.0743879973888397,0.0743879973888397,32988
Funex USD,FUNEX-USD,2022-12-18,0.0743839964270591,0.0751279965043068,0.0453520007431507,0.0453520007431507,0.0453520007431507,26131
Funex USD,FUNEX-USD,2022-12-19,0.0453529991209507,0.0507390014827251,0.0403059981763362,0.0403059981763362,0.0403059981763362,36158
Funex USD,FUNEX-USD,2022-12-20,0.0403059981763362,0.0416989997029304,0.0378209985792636,0.0403969995677471,0.0403969995677471,31772
Funex USD,FUNEX-USD,2022-12-21,0.0403969995677471,0.0433770008385181,0.038612000644207,0.0408580005168914,0.0408580005168914,24588
Funex USD,FUNEX-USD,2022-12-22,0.0408609993755817,0.0443109981715679,0.0385899990797042,0.0419059991836547,0.0419059991836547,27751
Funex USD,FUNEX-USD,2022-12-23,0.041907001286745,0.0439569987356662,0.030791999772191,0.031734000891447,0.031734000891447,30304
Funex USD,FUNEX-USD,2022-12-24,0.0317329987883567,0.0331039987504482,0.0268120002001523,0.0309740006923675,0.0309740006923675,19579
Funex USD,FUNEX-USD,2022-12-25,0.0309740006923675,0.0312630012631416,0.0205310005694627,0.0221480000764131,0.0221480000764131,11224
Funex USD,FUNEX-USD,2022-12-26,0.0221480000764131,0.0233689993619918,0.0092639997601509,0.0099590001627802,0.0099590001627802,33468
Funex USD,FUNEX-USD,2022-12-27,0.0099590001627802,0.0123199997469782,0.0080479998141527,0.0081479996442794,0.0081479996442794,12982
Funex USD,FUNEX-USD,2022-12-28,0.0081479996442794,0.008903999812901,0.0075409999117255,0.0080840000882744,0.0080840000882744,5582
Funex USD,FUNEX-USD,2022-12-29,0.0080840000882744,0.0082580000162124,0.0073480000719428,0.0076350001618266,0.0076350001618266,5888
Funex USD,FUNEX-USD,2022-12-30,0.0076350001618266,0.0081550003960728,0.0072820000350475,0.0075130001641809,0.0075130001641809,5437
Funex USD,FUNEX-USD,2022-12-31,0.0075139999389648,0.0079300003126263,0.007420000154525,0.0076290001161396,0.0076290001161396,3552
Funex USD,FUNEX-USD,2023-01-01,0.0076290001161396,0.0079429997131228,0.0073560001328587,0.0077180000953376,0.0077180000953376,3193
Funex USD,FUNEX-USD,2023-01-02,0.0077180000953376,0.0160830002278089,0.0073629999533295,0.0138219995424151,0.0138219995424151,26963
Funex USD,FUNEX-USD,2023-01-03,0.0138219995424151,0.0166939999908208,0.0112039996311068,0.0112070003524422,0.0112070003524422,18620
Funex USD,FUNEX-USD,2023-01-04,0.0112070003524422,0.0114160003140568,0.0096530001610517,0.0096589997410774,0.0096589997410774,3203
Funex USD,FUNEX-USD,2023-01-05,0.0096589997410774,0.0097340000793337,0.0090089999139308,0.0090210000053048,0.0090210000053048,607
Funex USD,FUNEX-USD,2023-01-06,0.0090210000053048,0.0095380004495382,0.0084199998527765,0.0088139995932579,0.0088139995932579,5492
Funex USD,FUNEX-USD,2023-01-07,0.0088139995932579,0.0090239997953176,0.0077869999222457,0.0079520000144839,0.0079520000144839,5119
Funex USD,FUNEX-USD,2023-01-08,0.0079520000144839,0.0099860001355409,0.0076089999638497,0.0096930004656314,0.0096930004656314,7277
Funex USD,FUNEX-USD,2023-01-09,0.0097000002861022,0.0099240001291036,0.0085549997165799,0.0086979996412992,0.0086979996412992,8138
Funex USD,FUNEX-USD,2023-01-10,0.0086979996412992,0.009719000197947,0.0083280000835657,0.008810999803245,0.008810999803245,11957
Funex USD,FUNEX-USD,2023-01-11,0.008810999803245,0.0090460004284977,0.0086470004171133,0.0089320000261068,0.0089320000261068,4788
Funex USD,FUNEX-USD,2023-01-12,0.0089029995724558,0.0090420003980398,0.0085439998656511,0.0087689999490976,0.0087689999490976,6354
Funex USD,FUNEX-USD,2023-01-13,0.0087689999490976,0.0089959995821118,0.0085650002583861,0.0088050002232193,0.0088050002232193,6193
Funex USD,FUNEX-USD,2023-01-14,0.0088050002232193,0.0091979997232556,0.008648999966681,0.0087350001558661,0.0087350001558661,5651
Funex USD,FUNEX-USD,2023-01-15,0.0087350001558661,0.0089600002393126,0.0086690001189708,0.0087860003113746,0.0087860003113746,5710
Funex USD,FUNEX-USD,2023-01-16,0.0087860003113746,0.0089900000020861,0.0086540002375841,0.0087900003418326,0.0087900003418326,5128
Funex USD,FUNEX-USD,2023-01-17,0.0087909996509552,0.0089010000228881,0.0086009996011853,0.0088010001927614,0.0088010001927614,5532
Funex USD,FUNEX-USD,2023-01-18,0.0088010001927614,0.00900200009346,0.008208000101149,0.008208000101149,0.008208000101149,5319
Funex USD,FUNEX-USD,2023-01-19,0.008208000101149,0.0087940003722906,0.0079640001058578,0.0085530001670122,0.0085530001670122,8255
Funex USD,FUNEX-USD,2023-01-20,0.008551999926567,0.0087419999763369,0.0081430003046989,0.0081559997051954,0.0081559997051954,6272
Funex USD,FUNEX-USD,2023-01-21,0.0081559997051954,0.0082849999889731,0.0081000002101063,0.0081369997933506,0.0081369997933506,851
Funex USD,FUNEX-USD,2023-01-22,0.0081369997933506,0.0086479997262358,0.0080800000578165,0.0086040003225207,0.0086040003225207,880
Funex USD,FUNEX-USD,2023-01-23,0.0086040003225207,0.009069999679923,0.0081919999793171,0.0090210000053048,0.0090210000053048,5974
Funex USD,FUNEX-USD,2023-01-24,0.0090199997648596,0.0090840002521872,0.0088579999282956,0.0088719995692372,0.0088719995692372,4714
Funex USD,FUNEX-USD,2023-01-25,0.0088719995692372,0.0093989996239542,0.0088269999250769,0.0093759996816515,0.0093759996816515,9290
Funex USD,FUNEX-USD,2023-01-26,0.0093759996816515,0.0221939999610185,0.0093740001320838,0.0171249993145465,0.0171249993145465,15970
Funex USD,FUNEX-USD,2023-01-27,0.0171249993145465,0.0208400003612041,0.0144570004194974,0.0158619992434978,0.0158619992434978,32218
Funex USD,FUNEX-USD,2023-01-28,0.0158619992434978,0.0253120008856058,0.0158619992434978,0.023667000234127,0.023667000234127,32746
Funex USD,FUNEX-USD,2023-01-29,0.0236680004745721,0.0258840005844831,0.023497000336647,0.0247690007090568,0.0247690007090568,32346
Funex USD,FUNEX-USD,2023-01-30,0.0247690007090568,0.0395659990608692,0.0218759998679161,0.0395639985799789,0.0395639985799789,33666
Funex USD,FUNEX-USD,2023-01-31,0.0395650006830692,0.0395659990608692,0.0344410017132759,0.0344870015978813,0.0344870015978813,33390
Funex USD,FUNEX-USD,2023-02-01,0.034485999494791,0.0368009991943836,0.0343479998409748,0.036761999130249,0.036761999130249,10527
Funex USD,FUNEX-USD,2023-02-02,0.0367579981684684,0.0457069985568523,0.0362470000982284,0.0405599996447563,0.0405599996447563,13141
Funex USD,FUNEX-USD,2023-02-03,0.0405599996447563,0.048710998147726,0.0403599999845027,0.0487050004303455,0.0487050004303455,17101
Funex USD,FUNEX-USD,2023-02-04,0.0487050004303455,0.0492990016937255,0.0452819988131523,0.0452950000762939,0.0452950000762939,3986
Funex USD,FUNEX-USD,2023-02-05,0.0452950000762939,0.047970000654459,0.0447890013456344,0.0464700013399124,0.0464700013399124,10650
Funex USD,FUNEX-USD,2023-02-06,0.0464720018208026,0.0467329993844032,0.0449929982423782,0.0452140010893344,0.0452140010893344,7298
Funex USD,FUNEX-USD,2023-02-07,0.0452120006084442,0.046144999563694,0.0301699992269277,0.0345729999244213,0.0345729999244213,69941
Funex USD,FUNEX-USD,2023-02-08,0.0345720015466213,0.0347729995846748,0.0320219993591308,0.0325639992952346,0.0325639992952346,20847
Funex USD,FUNEX-USD,2023-02-09,0.0325639992952346,0.0325889997184276,0.030969999730587,0.031054999679327,0.031054999679327,5569
Funex USD,FUNEX-USD,2023-02-10,0.031054999679327,0.0314400009810924,0.0310340002179145,0.0311500001698732,0.0311500001698732,5830
Funex USD,FUNEX-USD,2023-02-11,0.0311520006507635,0.0313070006668567,0.0311299990862607,0.0312360003590583,0.0312360003590583,5376
Funex USD,FUNEX-USD,2023-02-12,0.0312350001186132,0.0316010005772113,0.0307330004870891,0.0315489992499351,0.0315489992499351,4421
Funex USD,FUNEX-USD,2023-02-13,0.0315500013530254,0.0328719988465309,0.0315480008721351,0.0320289991796016,0.0320289991796016,39580
Funex USD,FUNEX-USD,2023-02-14,0.0320289991796016,0.0326250009238719,0.0314130000770092,0.0318120010197162,0.0318120010197162,47257
Funex USD,FUNEX-USD,2023-02-15,0.0318120010197162,0.0339410006999969,0.0308560002595186,0.0313510000705719,0.0313510000705719,44135
Funex USD,FUNEX-USD,2023-02-16,0.0313510000705719,0.0331999994814395,0.0310430005192756,0.0327540002763271,0.0327540002763271,47271
Funex USD,FUNEX-USD,2023-02-17,0.0327529981732368,0.0334579981863498,0.0324500016868114,0.0332779996097087,0.0332779996097087,47914
Funex USD,FUNEX-USD,2023-02-18,0.0332759991288185,0.0335800014436244,0.0328469984233379,0.0329939983785152,0.0329939983785152,48063
Funex USD,FUNEX-USD,2023-02-19,0.0329930000007152,0.0337629988789558,0.0328750014305114,0.0329080000519752,0.0329080000519752,47842
Funex USD,FUNEX-USD,2023-02-20,0.0329080000519752,0.033755999058485,0.0328570008277893,0.0335059985518455,0.0335059985518455,47846
Funex USD,FUNEX-USD,2023-02-21,0.0335050001740455,0.0338519997894763,0.0327540002763271,0.0329519994556903,0.0329519994556903,45173
Funex USD,FUNEX-USD,2023-02-22,0.0329519994556903,0.0338069982826709,0.0327039994299411,0.0332029983401298,0.0332029983401298,41412
Funex USD,FUNEX-USD,2023-02-23,0.0332029983401298,0.0338030010461807,0.0329030007123947,0.0329539999365806,0.0329539999365806,45812
Funex USD,FUNEX-USD,2023-02-24,0.0329539999365806,0.0361049994826316,0.0329530015587806,0.0355219990015029,0.0355219990015029,46637
Funex USD,FUNEX-USD,2023-02-25,0.0355230011045932,0.0357070006430149,0.0336039997637271,0.034315999597311,0.034315999597311,49713
Funex USD,FUNEX-USD,2023-02-26,0.034315001219511,0.0355489999055862,0.0337180010974407,0.0351979993283748,0.0351979993283748,15499
Funex USD,FUNEX-USD,2023-02-27,0.0351970009505748,0.0352200008928775,0.0348940007388591,0.0350169986486434,0.0350169986486434,425
Funex USD,FUNEX-USD,2023-02-28,0.0350169986486434,0.0361069999635219,0.0350169986486434,0.0355199985206127,0.0355199985206127,32127
Funex USD,FUNEX-USD,2023-03-01,0.035521000623703,0.0357430018484592,0.0336130000650882,0.0338260009884834,0.0338260009884834,41600
Funex USD,FUNEX-USD,2023-03-02,0.0338249988853931,0.0365150012075901,0.0335660018026828,0.036371000111103,0.036371000111103,11348
Funex USD,FUNEX-USD,2023-03-03,0.036371000111103,0.0364009998738765,0.033195000141859,0.0334720015525817,0.0334720015525817,33231
Funex USD,FUNEX-USD,2023-03-04,0.0334720015525817,0.0336829982697963,0.0330369994044303,0.033254001289606,0.033254001289606,42872
Funex USD,FUNEX-USD,2023-03-05,0.033254999667406,0.0339209996163845,0.0331469997763633,0.0334969982504844,0.0334969982504844,42774
Funex USD,FUNEX-USD,2023-03-06,0.0334969982504844,0.0433310009539127,0.0332660004496574,0.0411569997668266,0.0411569997668266,20692
Funex USD,FUNEX-USD,2023-03-07,0.0411569997668266,0.0428370013833045,0.04033799842,0.0404670014977455,0.0404670014977455,127
Funex USD,FUNEX-USD,2023-03-08,0.0404670014977455,0.0405430011451244,0.0399959981441497,0.0401110015809536,0.0401110015809536,67
Funex USD,FUNEX-USD,2023-03-09,0.0401110015809536,0.0403349995613098,0.0369989983737468,0.0374159999191761,0.0374159999191761,270
Funex USD,FUNEX-USD,2023-03-10,0.037416998296976,0.0391089990735054,0.0359419994056224,0.0371059998869895,0.0371059998869895,1103
Funex USD,FUNEX-USD,2023-03-11,0.0371069982647895,0.0386740006506443,0.0370739996433258,0.0385940000414848,0.0385940000414848,114
Funex USD,FUNEX-USD,2023-03-12,0.0385899990797042,0.0428370013833045,0.0384819991886615,0.042833998799324,0.042833998799324,40
Funex USD,FUNEX-USD,2023-03-13,0.0428409986197948,0.0441460013389587,0.0425290018320083,0.0430269986391067,0.0430269986391067,1655
Funex USD,FUNEX-USD,2023-03-14,0.0430239997804164,0.043147999793291,0.0414250008761882,0.0417650006711483,0.0417650006711483,149
Funex USD,FUNEX-USD,2023-03-15,0.0417670011520385,0.0420040003955364,0.0382059998810291,0.03923299908638,0.03923299908638,32840
Funex USD,FUNEX-USD,2023-03-16,0.0392370000481605,0.0399810001254081,0.03914799913764,0.0393260009586811,0.0393260009586811,40892
Funex USD,FUNEX-USD,2023-03-17,0.0393249988555908,0.0404109992086887,0.0390660017728805,0.0402050018310546,0.0402050018310546,40462
Funex USD,FUNEX-USD,2023-03-18,0.0402019992470741,0.0409310013055801,0.039352998137474,0.0401969999074935,0.0401969999074935,112241
Funex USD,FUNEX-USD,2023-03-19,0.0401969999074935,0.0417100004851818,0.0397789999842643,0.0398170016705989,0.0398170016705989,19645
Funex USD,FUNEX-USD,2023-03-20,0.0398170016705989,0.0407930016517639,0.0397799983620643,0.0401739999651908,0.0401739999651908,41752
Funex USD,FUNEX-USD,2023-03-21,0.0401760004460811,0.0435420013964176,0.0397530011832714,0.0429459996521472,0.0429459996521472,20414
Funex USD,FUNEX-USD,2023-03-22,0.042943999171257,0.043758999556303,0.0383809991180896,0.0393330007791519,0.0393330007791519,22567
Funex USD,FUNEX-USD,2023-03-23,0.0393299981951713,0.0550500005483627,0.0390519984066486,0.0535509996116161,0.0535509996116161,18602
Funex USD,FUNEX-USD,2023-03-24,0.0535520017147064,0.0536530017852783,0.0517559982836246,0.0520090013742446,0.0520090013742446,26233
Funex USD,FUNEX-USD,2023-03-25,0.0520099997520446,0.0643920004367828,0.0520099997520446,0.0629400014877319,0.0629400014877319,24474
Funex USD,FUNEX-USD,2023-03-26,0.0629400014877319,0.0634739995002746,0.0576939992606639,0.0579360015690326,0.0579360015690326,32793
Funex USD,FUNEX-USD,2023-03-27,0.0579369999468326,0.0583860017359256,0.0570000000298023,0.0578420013189315,0.0578420013189315,42288
Funex USD,FUNEX-USD,2023-03-28,0.0578420013189315,0.0584309995174407,0.0575029999017715,0.0580319985747337,0.0580319985747337,41984
Funex USD,FUNEX-USD,2023-03-29,0.0580289997160434,0.0586379989981651,0.0572669990360736,0.0575699992477893,0.0575699992477893,42219
Funex USD,FUNEX-USD,2023-03-30,0.0575710013508796,0.0583209991455078,0.0571729987859725,0.0577359981834888,0.0577359981834888,41783
Funex USD,FUNEX-USD,2023-03-31,0.0577399991452693,0.0585490018129348,0.0557719990611076,0.0558120012283325,0.0558120012283325,42400
Funex USD,FUNEX-USD,2023-04-01,0.0558109991252422,0.0565089993178844,0.0556190013885498,0.0564550012350082,0.0564550012350082,29249
Funex USD,FUNEX-USD,2023-04-02,0.0561960004270076,0.0564670003950595,0.0555399991571903,0.0557460002601146,0.0557460002601146,22376
Funex USD,FUNEX-USD,2023-04-03,0.0557410009205341,0.0562839992344379,0.0553309991955757,0.0559469982981681,0.0559469982981681,22182
Funex USD,FUNEX-USD,2023-04-04,0.0559450015425682,0.0572069995105266,0.0558080002665519,0.0571149997413158,0.0571149997413158,21721
Funex USD,FUNEX-USD,2023-04-05,0.0571140013635158,0.0584120005369186,0.056802000850439,0.0570020005106925,0.0570020005106925,23112
Funex USD,FUNEX-USD,2023-04-06,0.0570040009915828,0.0585159994661808,0.0567220002412796,0.0573250018060207,0.0573250018060207,21462
Funex USD,FUNEX-USD,2023-04-07,0.0573219992220401,0.0587290003895759,0.0568920001387596,0.0579559989273548,0.0579559989273548,21941
Funex USD,FUNEX-USD,2023-04-08,0.0579530000686645,0.0582479983568191,0.0575410015881061,0.0577230006456375,0.0577230006456375,21589
Funex USD,FUNEX-USD,2023-04-09,0.0577239990234375,0.0587659999728202,0.0575340017676353,0.0581380017101764,0.0581380017101764,21632
Funex USD,FUNEX-USD,2023-04-10,0.0581399984657764,0.0596520006656646,0.057753998786211,0.0585319995880126,0.0585319995880126,21226
Funex USD,FUNEX-USD,2023-04-11,0.0585349984467029,0.0596450008451938,0.0578339993953704,0.0582490004599094,0.0582490004599094,21562
Funex USD,FUNEX-USD,2023-04-12,0.0582510009407997,0.0590809993445873,0.057693000882864,0.0582449994981288,0.0582449994981288,21967
Funex USD,FUNEX-USD,2023-04-13,0.0585590004920959,0.059128001332283,0.0581399984657764,0.0585290007293224,0.0585290007293224,22081
Funex USD,FUNEX-USD,2023-04-14,0.0585310012102127,0.0598899982869625,0.0584109984338283,0.0592020004987716,0.0592020004987716,22194
Funex USD,FUNEX-USD,2023-04-15,0.0592009983956813,0.0594130009412765,0.0571650005877018,0.0573179982602596,0.0573179982602596,22554
Funex USD,FUNEX-USD,2023-04-16,0.0573169998824596,0.0581040009856224,0.057167001068592,0.0576509982347488,0.0576509982347488,22604
Funex USD,FUNEX-USD,2023-04-17,0.0576520003378391,0.0581680014729499,0.0570620000362396,0.0572220012545585,0.0572220012545585,21769
Funex USD,FUNEX-USD,2023-04-18,0.0572209991514682,0.0598420016467571,0.0571769997477531,0.0595979988574981,0.0595979988574981,22106
Funex USD,FUNEX-USD,2023-04-19,0.0595990009605884,0.0597609989345073,0.058713000267744,0.0590969994664192,0.0590969994664192,21832
Funex USD,FUNEX-USD,2023-04-20,0.0590899996459484,0.0599809996783733,0.0584539994597435,0.0589260011911392,0.0589260011911392,22144
Funex USD,FUNEX-USD,2023-04-21,0.0589249990880489,0.0601559989154338,0.058432999998331,0.0594450011849403,0.0594450011849403,21574
Funex USD,FUNEX-USD,2023-04-22,0.05944399908185,0.0603780001401901,0.0593469999730587,0.0598880015313625,0.0598880015313625,21360
Funex USD,FUNEX-USD,2023-04-23,0.0598869994282722,0.0606039986014366,0.0596770010888576,0.0602549985051155,0.0602549985051155,21559
Funex USD,FUNEX-USD,2023-04-24,0.0602549985051155,0.0605809986591339,0.059248998761177,0.0593880005180835,0.0593880005180835,22519
Funex USD,FUNEX-USD,2023-04-25,0.0593880005180835,0.0599370002746582,0.0589159987866878,0.0596590004861354,0.0596590004861354,21862
Funex USD,FUNEX-USD,2023-04-26,0.0596590004861354,0.0604010000824928,0.0586099997162818,0.0590660013258457,0.0590660013258457,21543
Funex USD,FUNEX-USD,2023-04-27,0.0590640008449554,0.0615330003201961,0.0589369982481002,0.0614099986851215,0.0614099986851215,22243
Funex USD,FUNEX-USD,2023-04-28,0.0614110007882118,0.0614369995892047,0.0598139986395835,0.0603459998965263,0.0603459998965263,22098
Funex USD,FUNEX-USD,2023-04-29,0.0603489987552166,0.0614459998905658,0.0598279982805252,0.0604350008070468,0.0604350008070468,21790
Funex USD,FUNEX-USD,2023-04-30,0.0604330003261566,0.0614439994096756,0.0598360002040863,0.0600240007042884,0.0600240007042884,22000
Funex USD,FUNEX-USD,2023-05-01,0.0600240007042884,0.0615300014615058,0.0597960017621517,0.060318998992443,0.060318998992443,21736
Funex USD,FUNEX-USD,2023-05-02,0.0603200010955333,0.0614369995892047,0.0598240010440349,0.0604219995439052,0.0604219995439052,21911
Funex USD,FUNEX-USD,2023-05-03,0.0604249984025955,0.0613569989800453,0.0598260015249252,0.0600199997425079,0.0600199997425079,22301
Funex USD,FUNEX-USD,2023-05-04,0.0600199997425079,0.0656360015273094,0.0599219985306263,0.0649370029568672,0.0649370029568672,14745
Funex USD,FUNEX-USD,2023-05-05,0.0649359971284866,0.0649600028991699,0.0643490031361579,0.0643669962882995,0.0643669962882995,183
Funex USD,FUNEX-USD,2023-05-06,0.0643640011548996,0.064420998096466,0.0618980005383491,0.0619160011410713,0.0619160011410713,600
Funex USD,FUNEX-USD,2023-05-07,0.0619160011410713,0.0619449988007545,0.0602889992296695,0.0603840015828609,0.0603840015828609,306
Funex USD,FUNEX-USD,2023-05-08,0.0603829994797706,0.0609720014035701,0.0602959990501403,0.060963001102209,0.060963001102209,158
Funex USD,FUNEX-USD,2023-05-09,0.060963001102209,0.0609709993004798,0.05918800085783,0.0592329986393451,0.0592329986393451,464
Funex USD,FUNEX-USD,2023-05-10,0.0592349991202354,0.0653600022196769,0.0588309988379478,0.0646490007638931,0.0646490007638931,3654
Funex USD,FUNEX-USD,2023-05-11,0.0646530017256736,0.066040001809597,0.0638440027832984,0.0659359991550445,0.0659359991550445,29197
Funex USD,FUNEX-USD,2023-05-12,0.0659359991550445,0.0660369992256164,0.0643130019307136,0.0654459968209266,0.0654459968209266,28548
Funex USD,FUNEX-USD,2023-05-13,0.0654420033097267,0.0662389993667602,0.0643329992890358,0.0647300034761428,0.0647300034761428,28701
Funex USD,FUNEX-USD,2023-05-14,0.0647289976477623,0.0664469972252845,0.0643220022320747,0.0650330036878585,0.0650330036878585,28502
Funex USD,FUNEX-USD,2023-05-15,0.065030001103878,0.0671520009636879,0.064310997724533,0.0646080002188682,0.0646080002188682,28280
Funex USD,FUNEX-USD,2023-05-16,0.0646080002188682,0.0666159987449646,0.0643050000071525,0.0646049976348877,0.0646049976348877,27927
Funex USD,FUNEX-USD,2023-05-17,0.0646049976348877,0.0672229975461959,0.0642020031809806,0.0647120028734207,0.0647120028734207,27881
Funex USD,FUNEX-USD,2023-05-18,0.0647120028734207,0.0675150007009506,0.0642009973526001,0.0658959969878196,0.0658959969878196,122841
Funex USD,FUNEX-USD,2023-05-19,0.0658989995718002,0.0677139982581138,0.0641029998660087,0.0654150024056434,0.0654150024056434,162819
Funex USD,FUNEX-USD,2023-05-20,0.0654150024056434,0.0675140023231506,0.0643159970641136,0.0669320002198219,0.0669320002198219,162084
Funex USD,FUNEX-USD,2023-05-21,0.0669310018420219,0.0671240016818046,0.0642039999365806,0.064419001340866,0.064419001340866,164386
Funex USD,FUNEX-USD,2023-05-22,0.0644169971346855,0.0685459971427917,0.0641120001673698,0.065820999443531,0.065820999443531,161749
Funex USD,FUNEX-USD,2023-05-23,0.065820999443531,0.0673049986362457,0.064300999045372,0.0649079978466034,0.0649079978466034,164608
Funex USD,FUNEX-USD,2023-05-24,0.0649100020527839,0.0681999996304512,0.0632139965891838,0.0634379982948303,0.0634379982948303,153393
Funex USD,FUNEX-USD,2023-05-25,0.0634350031614303,0.0679109990596771,0.0632029995322227,0.0674090012907981,0.0674090012907981,109388
Funex USD,FUNEX-USD,2023-05-26,0.0674090012907981,0.0703309997916221,0.0667020007967948,0.0673250034451484,0.0673250034451484,103401
Funex USD,FUNEX-USD,2023-05-27,0.0673239976167678,0.0696339979767799,0.0668260008096695,0.0671399980783462,0.0671399980783462,99159
Funex USD,FUNEX-USD,2023-05-28,0.0671380013227462,0.0707369968295097,0.0669139996170997,0.0688150003552436,0.0688150003552436,109989
Funex USD,FUNEX-USD,2023-05-29,0.0688249990344047,0.0702240020036697,0.0677099972963333,0.0682149976491928,0.0682149976491928,112886
Funex USD,FUNEX-USD,2023-05-30,0.0682189986109733,0.0702399984002113,0.0617239996790885,0.0625210031867027,0.0625210031867027,112171
Funex USD,FUNEX-USD,2023-05-31,0.0625220015645027,0.0644169971346855,0.0618069991469383,0.0624280013144016,0.0624280013144016,112859
Funex USD,FUNEX-USD,2023-06-01,0.0624280013144016,0.0642279982566833,0.0616020001471042,0.0631140023469924,0.0631140023469924,110647
Funex USD,FUNEX-USD,2023-06-02,0.0631140023469924,0.0646250024437904,0.0618060007691383,0.0620260015130043,0.0620260015130043,112747
Funex USD,FUNEX-USD,2023-06-03,0.0620260015130043,0.064021997153759,0.0610200017690658,0.0621070004999637,0.0621070004999637,112790
Funex USD,FUNEX-USD,2023-06-04,0.062109000980854,0.0635069981217384,0.0617030002176761,0.0621149986982345,0.0621149986982345,111875
Funex USD,FUNEX-USD,2023-06-05,0.0621160008013248,0.0624429993331432,0.0616119988262653,0.0619230009615421,0.0619230009615421,109503
Funex USD,FUNEX-USD,2023-06-06,0.0619219988584518,0.0624530017375946,0.0617009997367858,0.0621129982173442,0.0621129982173442,109675
Funex USD,FUNEX-USD,2023-06-07,0.0621119998395442,0.0679180026054382,0.0617900006473064,0.0651040002703666,0.0651040002703666,113417
Funex USD,FUNEX-USD,2023-06-08,0.0651049986481666,0.0654229968786239,0.0647090002894401,0.064920000731945,0.064920000731945,113961
Funex USD,FUNEX-USD,2023-06-09,0.064920000731945,0.0654250010848045,0.0644650012254715,0.0645029991865158,0.0645029991865158,35269
Funex USD,FUNEX-USD,2023-06-10,0.0645029991865158,0.0645530000329017,0.0627669990062713,0.0630299970507621,0.0630299970507621,983
Funex USD,FUNEX-USD,2023-06-11,0.0630320012569427,0.0630640015006065,0.0625019967555999,0.0625120028853416,0.0625120028853416,417
Funex USD,FUNEX-USD,2023-06-12,0.0625120028853416,0.0640069991350174,0.0624129995703697,0.0634960010647773,0.0634960010647773,69900
Funex USD,FUNEX-USD,2023-06-13,0.0634990036487579,0.0640949979424476,0.0626650005578994,0.0639870017766952,0.0639870017766952,106005
Funex USD,FUNEX-USD,2023-06-14,0.0639870017766952,0.0639870017766952,0.062780000269413,0.0630839988589286,0.0630839988589286,109375
Funex USD,FUNEX-USD,2023-06-15,0.0630839988589286,0.0639360025525093,0.062449000775814,0.062948003411293,0.062948003411293,65781
Funex USD,FUNEX-USD,2023-06-16,0.062948003411293,0.0629630014300346,0.0623910017311573,0.0624609999358654,0.0624609999358654,314
Funex USD,FUNEX-USD,2023-06-17,0.0624609999358654,0.0655789971351623,0.0624510012567043,0.0654840022325515,0.0654840022325515,88057
Funex USD,FUNEX-USD,2023-06-18,0.065480999648571,0.0662989988923072,0.0637810006737709,0.0649859979748725,0.0649859979748725,111898
Funex USD,FUNEX-USD,2023-06-19,0.0649869963526725,0.0666920021176338,0.0642919987440109,0.0656900033354759,0.0656900033354759,113458
Funex USD,FUNEX-USD,2023-06-20,0.0656770020723342,0.0661400035023689,0.0647770017385482,0.0651319995522499,0.0651319995522499,108476
Funex USD,FUNEX-USD,2023-06-21,0.0651310011744499,0.0660699978470802,0.0647109970450401,0.0654060021042823,0.0654060021042823,75316
Funex USD,FUNEX-USD,2023-06-22,0.0654010027647018,0.0676280036568641,0.0652249976992607,0.0656109973788261,0.0656109973788261,45978
Funex USD,FUNEX-USD,2023-06-23,0.0656170025467872,0.0685390010476112,0.0653079971671104,0.0677430033683776,0.0677430033683776,114733
Funex USD,FUNEX-USD,2023-06-24,0.0677430033683776,0.0682459995150566,0.0658230036497116,0.0662249997258186,0.0662249997258186,114399
Funex USD,FUNEX-USD,2023-06-25,0.0662290006875991,0.0677279978990554,0.0657140016555786,0.0664269998669624,0.0664269998669624,113028
Funex USD,FUNEX-USD,2023-06-26,0.0664239972829818,0.0674149990081787,0.0656789988279342,0.0660080015659332,0.0660080015659332,113635
Funex USD,FUNEX-USD,2023-06-27,0.0660089999437332,0.0674119964241981,0.0658989995718002,0.0669139996170997,0.0669139996170997,103406
Funex USD,FUNEX-USD,2023-06-28,0.0669130012392997,0.0674209967255592,0.0662029981613159,0.06648900359869,0.06648900359869,81178
Funex USD,FUNEX-USD,2023-06-29,0.06649100035429,0.0674069970846176,0.064979001879692,0.0665979981422424,0.0665979981422424,42604
Funex USD,FUNEX-USD,2023-06-30,0.0665950030088424,0.067392997443676,0.0661820024251937,0.0665140002965927,0.0665140002965927,98412
Funex USD,FUNEX-USD,2023-07-01,0.0665140002965927,0.0670090019702911,0.0664049983024597,0.066500000655651,0.066500000655651,6941
Funex USD,FUNEX-USD,2023-07-02,0.0664990022778511,0.0665360018610954,0.0662150010466575,0.0663020014762878,0.0663020014762878,146
Funex USD,FUNEX-USD,2023-07-03,0.0662989988923072,0.066331997513771,0.0660829991102218,0.066102996468544,0.066102996468544,142
Funex USD,FUNEX-USD,2023-07-04,0.066101998090744,0.0666079968214035,0.0660810023546218,0.0663179978728294,0.0663179978728294,955
Funex USD,FUNEX-USD,2023-07-05,0.06632000207901,0.0663359984755516,0.0660850033164024,0.066100999712944,0.066100999712944,239
Funex USD,FUNEX-USD,2023-07-06,0.066100999712944,0.0682270005345344,0.0660799965262413,0.0670949965715408,0.0670949965715408,86786
Funex USD,FUNEX-USD,2023-07-07,0.0670899972319603,0.0674280002713203,0.066890999674797,0.0670100003480911,0.0670100003480911,47390
Funex USD,FUNEX-USD,2023-07-08,0.0670059993863105,0.0674320012331008,0.0668950006365776,0.0672150030732154,0.0672150030732154,92627
Funex USD,FUNEX-USD,2023-07-09,0.0672169998288154,0.0674329996109008,0.0669090002775192,0.0670159980654716,0.0670159980654716,104585
Funex USD,FUNEX-USD,2023-07-10,0.0670169964432716,0.0678270012140274,0.0669799968600273,0.0671029984951019,0.0671029984951019,88420
Funex USD,FUNEX-USD,2023-07-11,0.0671079978346824,0.067562997341156,0.0669019967317581,0.0675060003995895,0.0675060003995895,25758
Funex USD,FUNEX-USD,2023-07-12,0.0675060003995895,0.0693190023303031,0.0674789994955062,0.067901998758316,0.067901998758316,93214
Funex USD,FUNEX-USD,2023-07-13,0.067901998758316,0.0692650005221366,0.0677059963345527,0.0682659968733787,0.0682659968733787,114037
Funex USD,FUNEX-USD,2023-07-14,0.0682659968733787,0.0688320025801658,0.0679040029644966,0.0682530030608177,0.0682530030608177,115181
Funex USD,FUNEX-USD,2023-07-15,0.0682509988546371,0.068631000816822,0.0679140016436576,0.068122997879982,0.068122997879982,115902
Funex USD,FUNEX-USD,2023-07-16,0.068120002746582,0.0686250030994415,0.0673270002007484,0.0678450018167495,0.0678450018167495,115602
Funex USD,FUNEX-USD,2023-07-17,0.0678460001945495,0.0684079974889755,0.0673059970140457,0.0676169991493225,0.0676169991493225,113743
Funex USD,FUNEX-USD,2023-07-18,0.0676150023937225,0.0682120025157928,0.0672969967126846,0.0677200034260749,0.0677200034260749,110393
Funex USD,FUNEX-USD,2023-07-19,0.0677179992198944,0.0680150017142295,0.0673860013484954,0.0675079971551895,0.0675079971551895,112080
Funex USD,FUNEX-USD,2023-07-20,0.06751000136137,0.068011000752449,0.0673059970140457,0.0674059987068176,0.0674059987068176,52378
Funex USD,FUNEX-USD,2023-07-21,0.0674059987068176,0.0674349963665008,0.0673770010471344,0.0674159973859787,0.0674159973859787,0
Funex USD,FUNEX-USD,2023-07-22,0.0674170032143592,0.0683170035481453,0.0668950006365776,0.0682040005922317,0.0682040005922317,24208
Funex USD,FUNEX-USD,2023-07-23,0.0682049989700317,0.0701100006699562,0.0672999992966651,0.0691030025482177,0.0691030025482177,111628
Funex USD,FUNEX-USD,2023-07-24,0.0690990015864372,0.0699720010161399,0.0672999992966651,0.0686979964375495,0.0686979964375495,110743
Funex USD,FUNEX-USD,2023-07-25,0.0686979964375495,0.0701180025935173,0.0683929994702339,0.0691879987716674,0.0691879987716674,109651
Funex USD,FUNEX-USD,2023-07-26,0.069190002977848,0.0701220035552978,0.0685909986495971,0.0688949972391128,0.0688949972391128,108011
Funex USD,FUNEX-USD,2023-07-27,0.0688939988613128,0.0700080022215843,0.0685909986495971,0.0690900012850761,0.0690900012850761,111938
Funex USD,FUNEX-USD,2023-07-28,0.0690860003232956,0.070091001689434,0.0685930028557777,0.0688209980726242,0.0688209980726242,110000
Funex USD,FUNEX-USD,2023-07-29,0.0688180029392242,0.0699139982461929,0.068511001765728,0.0691059976816177,0.0691059976816177,92272
Funex USD,FUNEX-USD,2023-07-30,0.0691059976816177,0.069141000509262,0.069080002605915,0.0690929964184761,0.0690929964184761,69
Funex USD,FUNEX-USD,2023-07-31,0.0690909996628761,0.0690959990024566,0.0474480018019676,0.0475489981472492,0.0475489981472492,40123
Funex USD,FUNEX-USD,2023-08-01,0.0475470013916492,0.069591000676155,0.0475470013916492,0.0691969990730285,0.0691969990730285,105728
Funex USD,FUNEX-USD,2023-08-02,0.069191999733448,0.0697939991950988,0.0685489997267723,0.0685620009899139,0.0685620009899139,86859
Funex USD,FUNEX-USD,2023-08-03,0.0685650035738945,0.068680003285408,0.0685420036315918,0.0686590000987052,0.0686590000987052,37
Funex USD,FUNEX-USD,2023-08-04,0.0686570033431053,0.068682000041008,0.0684489980340004,0.0686039999127388,0.0686039999127388,38
Funex USD,FUNEX-USD,2023-08-05,0.0686039999127388,0.0698430016636848,0.0679119974374771,0.0698319971561431,0.0698319971561431,1281
Funex USD,FUNEX-USD,2023-08-06,0.0698330029845237,0.0707229971885681,0.069421000778675,0.0697819963097572,0.0697819963097572,85188
Funex USD,FUNEX-USD,2023-08-07,0.0697819963097572,0.0704779997467994,0.0695620030164718,0.0696220025420188,0.0696220025420188,75213
Funex USD,FUNEX-USD,2023-08-08,0.0696199983358383,0.0710330009460449,0.0696040019392967,0.0699670016765594,0.0699670016765594,80883
Funex USD,FUNEX-USD,2023-08-09,0.0699689984321594,0.0705609992146492,0.0698459967970848,0.070151999592781,0.070151999592781,110834
Funex USD,FUNEX-USD,2023-08-10,0.0701550021767616,0.0711259990930557,0.0698240026831626,0.0700339972972869,0.0700339972972869,110271
Funex USD,FUNEX-USD,2023-08-11,0.070032998919487,0.0709289982914924,0.0698300004005432,0.0701349973678588,0.0701349973678588,108673
Funex USD,FUNEX-USD,2023-08-12,0.0701349973678588,0.0708369985222816,0.0700339972972869,0.0702650025486946,0.0702650025486946,106831
Funex USD,FUNEX-USD,2023-08-13,0.070263996720314,0.0705680027604103,0.0699509978294372,0.0700469985604286,0.0700469985604286,85684
Funex USD,FUNEX-USD,2023-08-14,0.0700479969382286,0.0705249980092048,0.069810003042221,0.070151001214981,0.070151001214981,21437
Funex USD,FUNEX-USD,2023-08-15,0.070151999592781,0.0703179985284805,0.0692019984126091,0.0695260018110275,0.0695260018110275,33160
Funex USD,FUNEX-USD,2023-08-16,0.0695260018110275,0.0703319981694221,0.0695070028305053,0.0697200000286102,0.0697200000286102,20757
Funex USD,FUNEX-USD,2023-08-17,0.0697190016508102,0.0704229995608329,0.0695270001888275,0.0697140023112297,0.0697140023112297,26424
Funex USD,FUNEX-USD,2023-08-18,0.0697100013494491,0.0704860016703605,0.0696519985795021,0.0700879991054534,0.0700879991054534,27395
Funex USD,FUNEX-USD,2023-08-19,0.070090003311634,0.0703969970345497,0.0695969983935356,0.0697889998555183,0.0697889998555183,23419
Funex USD,FUNEX-USD,2023-08-20,0.0697889998555183,0.0704099982976913,0.0696830004453659,0.0698050037026405,0.0698050037026405,21300
Funex USD,FUNEX-USD,2023-08-21,0.0698010027408599,0.0703120008111,0.0695869997143745,0.0698890015482902,0.0698890015482902,21383
Funex USD,FUNEX-USD,2023-08-22,0.0698890015482902,0.0702809989452362,0.0695850029587745,0.0700630024075508,0.0700630024075508,21643
Funex USD,FUNEX-USD,2023-08-23,0.0700670033693313,0.0703789964318275,0.0696600005030632,0.0698029994964599,0.0698029994964599,20086
Funex USD,FUNEX-USD,2023-08-24,0.0698020011186599,0.0707969963550567,0.0695710033178329,0.070262998342514,0.070262998342514,17025
Funex USD,FUNEX-USD,2023-08-25,0.070261001586914,0.0706709995865821,0.0693579986691474,0.0696680024266243,0.0696680024266243,21012
Funex USD,FUNEX-USD,2023-08-26,0.0696680024266243,0.0701830014586448,0.0693529993295669,0.0697750002145767,0.0697750002145767,18846
Funex USD,FUNEX-USD,2023-08-27,0.0697740018367767,0.0701759979128837,0.0692860037088394,0.0695749968290329,0.0695749968290329,18720
Funex USD,FUNEX-USD,2023-08-28,0.0695760026574134,0.0705650001764297,0.0693539977073669,0.0699589997529983,0.0699589997529983,18757
Funex USD,FUNEX-USD,2023-08-29,0.0699580013751983,0.0717289969325065,0.0693579986691474,0.069811001420021,0.069811001420021,18641
Funex USD,FUNEX-USD,2023-08-30,0.0698060020804405,0.0705059990286827,0.0693729966878891,0.0696130022406578,0.0696130022406578,19428
Funex USD,FUNEX-USD,2023-08-31,0.0696130022406578,0.0706370025873184,0.0692970007658004,0.0694800019264221,0.0694800019264221,19398
Funex USD,FUNEX-USD,2023-09-01,0.0694819986820221,0.0704889968037605,0.0693499967455864,0.069482997059822,0.069482997059822,19455
Funex USD,FUNEX-USD,2023-09-02,0.0694840028882026,0.0705950036644935,0.0693740025162696,0.0697119981050491,0.0697119981050491,19686
Funex USD,FUNEX-USD,2023-09-03,0.0697119981050491,0.0703950002789497,0.0690969973802566,0.0695049986243248,0.0695049986243248,19339
Funex USD,FUNEX-USD,2023-09-04,0.0695040002465248,0.07048100233078,0.0693719983100891,0.0695770010352134,0.0695770010352134,19395
Funex USD,FUNEX-USD,2023-09-05,0.0695779994130134,0.07065399736166,0.0693529993295669,0.0694779977202415,0.0694779977202415,19233
Funex USD,FUNEX-USD,2023-09-06,0.0694800019264221,0.0706780031323432,0.0692749992012977,0.0700739994645118,0.0700739994645118,19692
Funex USD,FUNEX-USD,2023-09-07,0.0700749978423118,0.0708919987082481,0.069362998008728,0.0697819963097572,0.0697819963097572,19793
Funex USD,FUNEX-USD,2023-09-08,0.0697849988937377,0.0705770030617713,0.0693729966878891,0.0699860006570816,0.0699860006570816,19697
Funex USD,FUNEX-USD,2023-09-09,0.0699860006570816,0.0702869966626167,0.0693740025162696,0.0696839988231659,0.0696839988231659,19795
Funex USD,FUNEX-USD,2023-09-10,0.0696870014071464,0.0705889984965324,0.0693740025162696,0.0696720033884048,0.0696720033884048,19726
Funex USD,FUNEX-USD,2023-09-11,0.0696730017662048,0.0706780031323432,0.0692749992012977,0.0700799971818924,0.0700799971818924,19947
Funex USD,FUNEX-USD,2023-09-12,0.0700799971818924,0.0708990022540092,0.0693729966878891,0.0696130022406578,0.0696130022406578,19547
Funex USD,FUNEX-USD,2023-09-13,0.0696180015802383,0.0711209997534751,0.0693949982523918,0.0702219977974891,0.0702219977974891,19847
Funex USD,FUNEX-USD,2023-09-14,0.0702220052480697,0.0713291987776756,0.0694097355008125,0.070125974714756,0.070125974714756,19621
Funex USD,FUNEX-USD,2023-09-15,0.0695162639021873,0.0704273432493209,0.069308117032051,0.069714680314064,0.069714680314064,19874
Funex USD,FUNEX-USD,2023-09-16,0.0696200877428054,0.0705442577600479,0.0694208145141601,0.0695269778370857,0.0695269778370857,19730
Funex USD,FUNEX-USD,2023-09-17,0.0697284191846847,0.0704294294118881,0.0694106146693229,0.0696149915456771,0.0696149915456771,19499
Funex USD,FUNEX-USD,2023-09-18,0.0695243775844574,0.070426806807518,0.069419652223587,0.0695297718048095,0.0695297718048095,19673
Funex USD,FUNEX-USD,2023-09-19,0.0695157274603843,0.0708235278725624,0.0694967806339263,0.0698109939694404,0.0698109939694404,19441
Funex USD,FUNEX-USD,2023-09-20,0.0699289515614509,0.0705290213227272,0.0694127231836319,0.0696072727441787,0.0696072727441787,19548
Funex USD,FUNEX-USD,2023-09-21,0.0697132349014282,0.0702083706855773,0.0694015398621559,0.0695100352168083,0.0695100352168083,11554
Funex USD,FUNEX-USD,2023-09-24,0.0689123421907424,0.0689179301261901,0.0689042061567306,0.068912923336029,0.068912923336029,266
Funex USD,FUNEX-USD,2023-09-22,0.0694999992847442,0.069531001150608,0.0694810003042221,0.0695120021700859,0.0695120021700859,0
Funex USD,FUNEX-USD,2023-09-23,0.0695120021700859,0.0695120021700859,0.0689070001244545,0.068912997841835,0.068912997841835,267
Funex USD,FUNEX-USD,2023-09-25,0.0689065158367157,0.0690226033329963,0.0689065158367157,0.0689866915345192,0.0689866915345192,43
Funex USD,FUNEX-USD,2023-09-26,0.0689818784594535,0.0690071880817413,0.0689787492156028,0.0689800754189491,0.0689800754189491,10
Funex USD,FUNEX-USD,2023-09-27,0.0689800754189491,0.0689800754189491,0.0686342418193817,0.068664364516735,0.068664364516735,65
Funex USD,FUNEX-USD,2023-09-28,0.0686611533164978,0.0687120705842971,0.068640187382698,0.0686891749501228,0.0686891749501228,65
Funex USD,FUNEX-USD,2023-09-29,0.0686891749501228,0.0696185901761055,0.0686891749501228,0.0693071782588958,0.0693071782588958,564
Funex USD,FUNEX-USD,2023-09-30,0.0693124905228614,0.0693319365382194,0.0692945122718811,0.0693159252405166,0.0693159252405166,9
Funex USD,FUNEX-USD,2023-10-01,0.0693159252405166,0.0693159252405166,0.0693159252405166,0.0693159252405166,0.0693159252405166,9
Funex USD,FUNEX-USD,2023-10-02,0.0693159252405166,0.0693159252405166,0.0693159252405166,0.0693159252405166,0.0693159252405166,9
Funex USD,FUNEX-USD,2023-10-03,0.06931592524051666,0.06931592524051666,0.06931592524051666,0.06931592524051666,0.06931592524051666,9
