Name,Symbol,Date,Open,High,Low,Close,Adj Close,Volume
Universal Store of Value USD,USV-USD,2022-05-05,601.6047973632812,619.128173828125,573.5421752929688,593.10595703125,593.10595703125,70851
Universal Store of Value USD,USV-USD,2022-05-06,592.4049072265625,597.361572265625,576.8006591796875,581.3285522460938,581.3285522460938,45333
Universal Store of Value USD,USV-USD,2022-05-07,581.3233032226562,581.3233032226562,560.2789306640625,570.11962890625,570.11962890625,22403
Universal Store of Value USD,USV-USD,2022-05-08,570.109130859375,571.3256225585938,526.6724853515625,542.959228515625,542.959228515625,62687
Universal Store of Value USD,USV-USD,2022-05-09,535.0498046875,540.8317260742188,512.0193481445312,516.6466674804688,516.6466674804688,95031
Universal Store of Value USD,USV-USD,2022-05-10,516.7423706054688,536.7213134765625,515.63916015625,520.9132080078125,520.9132080078125,24873
Universal Store of Value USD,USV-USD,2022-05-11,520.7755126953125,520.7755126953125,476.17376708984375,506.3097534179688,506.3097534179688,151131
Universal Store of Value USD,USV-USD,2022-05-12,506.021240234375,521.7760009765625,483.5430603027344,488.833251953125,488.833251953125,87485
Universal Store of Value USD,USV-USD,2022-05-13,488.8306274414063,500.8463745117188,478.6318664550781,498.4528503417969,498.4528503417969,49135
Universal Store of Value USD,USV-USD,2022-05-14,498.4380493164063,507.758544921875,495.1955261230469,506.9927978515625,506.9927978515625,14583
Universal Store of Value USD,USV-USD,2022-05-15,506.986328125,537.3118896484375,496.315185546875,532.8336181640625,532.8336181640625,199031
Universal Store of Value USD,USV-USD,2022-05-16,533.9819946289062,534.3751831054688,519.1807250976562,519.5608520507812,519.5608520507812,22981
Universal Store of Value USD,USV-USD,2022-05-17,519.6016845703125,534.0595703125,517.6958618164062,533.8449096679688,533.8449096679688,13018
Universal Store of Value USD,USV-USD,2022-05-18,533.8449096679688,533.8449096679688,508.9485778808594,512.335205078125,512.335205078125,50467
Universal Store of Value USD,USV-USD,2022-05-19,512.335205078125,522.6656494140625,500.7745361328125,522.3335571289062,522.3335571289062,42511
Universal Store of Value USD,USV-USD,2022-05-20,522.3390502929688,529.9520874023438,515.2839965820312,518.069580078125,518.069580078125,24312
Universal Store of Value USD,USV-USD,2022-05-21,518.0864868164062,520.769775390625,503.3624877929688,518.3870849609375,518.3870849609375,58117
Universal Store of Value USD,USV-USD,2022-05-22,518.3870849609375,518.3870849609375,494.9861755371094,515.009033203125,515.009033203125,71879
Universal Store of Value USD,USV-USD,2022-05-23,515.0228271484375,515.3172607421875,496.4796142578125,510.4945983886719,510.4945983886719,70745
Universal Store of Value USD,USV-USD,2022-05-24,510.4945983886719,514.52880859375,490.4840393066406,497.4216613769531,497.4216613769531,76591
Universal Store of Value USD,USV-USD,2022-05-25,497.4302978515625,538.1290283203125,461.3345642089844,495.46331787109375,495.46331787109375,3642625
Universal Store of Value USD,USV-USD,2022-05-26,495.46331787109375,503.1265258789063,484.2478942871094,487.6101379394531,487.6101379394531,331153
Universal Store of Value USD,USV-USD,2022-05-27,487.3482360839844,529.601318359375,475.3772583007813,483.0662231445313,483.0662231445313,330474
Universal Store of Value USD,USV-USD,2022-05-28,474.501220703125,508.8880004882813,462.1697082519531,465.5344848632813,465.5344848632813,414999
Universal Store of Value USD,USV-USD,2022-05-29,465.53424072265625,485.2197265625,458.9012145996094,463.2474060058594,463.2474060058594,45559
Universal Store of Value USD,USV-USD,2022-05-30,463.1411437988281,466.8392639160156,446.4400939941406,455.9908447265625,455.9908447265625,50662
Universal Store of Value USD,USV-USD,2022-05-31,455.9909057617188,502.2436828613281,444.9765319824219,450.838134765625,450.838134765625,367620
Universal Store of Value USD,USV-USD,2022-06-01,450.8381042480469,451.6296997070313,437.576171875,450.2134094238281,450.2134094238281,64169
Universal Store of Value USD,USV-USD,2022-06-02,450.1946411132813,466.2637023925781,446.5596008300781,456.9822082519531,456.9822082519531,34084
Universal Store of Value USD,USV-USD,2022-06-03,456.98187255859375,460.3669128417969,432.3297424316406,436.412109375,436.412109375,41875
Universal Store of Value USD,USV-USD,2022-06-04,436.412109375,443.3056945800781,416.9042663574219,421.5050354003906,421.5050354003906,20934
Universal Store of Value USD,USV-USD,2022-06-05,421.5094909667969,429.60845947265625,397.6890563964844,424.33056640625,424.33056640625,40678
Universal Store of Value USD,USV-USD,2022-06-06,424.3505554199219,432.701904296875,412.6475830078125,415.8648376464844,415.8648376464844,30018
Universal Store of Value USD,USV-USD,2022-06-07,415.8319396972656,421.8946533203125,382.6218872070313,382.6750183105469,382.6750183105469,56544
Universal Store of Value USD,USV-USD,2022-06-08,382.6692504882813,397.7989501953125,370.3197326660156,370.95892333984375,370.95892333984375,36549
Universal Store of Value USD,USV-USD,2022-06-09,370.8716735839844,379.1553955078125,368.5077819824219,373.5282897949219,373.5282897949219,34976
Universal Store of Value USD,USV-USD,2022-06-10,373.5282897949219,381.3549499511719,369.8412780761719,377.9027404785156,377.9027404785156,34274
Universal Store of Value USD,USV-USD,2022-06-11,377.90728759765625,379.2294616699219,309.2119140625,319.526611328125,319.526611328125,297863
Universal Store of Value USD,USV-USD,2022-06-12,319.51055908203125,324.109619140625,313.2893371582031,317.6412658691406,317.6412658691406,48323
Universal Store of Value USD,USV-USD,2022-06-13,317.6145324707031,329.4676513671875,297.0143737792969,300.1992492675781,300.1992492675781,59464
Universal Store of Value USD,USV-USD,2022-06-14,299.938720703125,304.1925354003906,196.88406372070312,264.802734375,264.802734375,1169943
Universal Store of Value USD,USV-USD,2022-06-15,264.7974853515625,264.7974853515625,241.4612579345703,254.91835021972656,254.91835021972656,121119
Universal Store of Value USD,USV-USD,2022-06-16,254.91824340820312,293.3314514160156,231.7296295166016,274.177978515625,274.177978515625,249659
Universal Store of Value USD,USV-USD,2022-06-17,274.1793212890625,284.5365295410156,207.8868865966797,232.6485595703125,232.6485595703125,124190
Universal Store of Value USD,USV-USD,2022-06-18,232.9063415527344,267.2201538085937,195.9599456787109,212.1952972412109,212.1952972412109,21132
Universal Store of Value USD,USV-USD,2022-06-19,212.19219970703125,231.8994140625,208.31842041015625,225.74752807617188,225.74752807617188,74578
Universal Store of Value USD,USV-USD,2022-06-20,225.76133728027344,227.2891387939453,182.2916259765625,186.3123474121093,186.3123474121093,34588
Universal Store of Value USD,USV-USD,2022-06-21,186.3151397705078,243.5873413085937,174.54861450195312,230.4716033935547,230.4716033935547,69753
Universal Store of Value USD,USV-USD,2022-06-22,230.47512817382807,245.869857788086,186.5598907470703,193.2187957763672,193.2187957763672,17982
Universal Store of Value USD,USV-USD,2022-06-23,193.21844482421875,267.7084350585937,193.0780639648437,262.2939758300781,262.2939758300781,102315
Universal Store of Value USD,USV-USD,2022-06-24,261.84918212890625,268.8102111816406,192.9341583251953,194.67205810546875,194.67205810546875,23399
Universal Store of Value USD,USV-USD,2022-06-25,194.6786193847656,200.754135131836,178.84170532226562,183.42677307128903,183.42677307128903,12507
Universal Store of Value USD,USV-USD,2022-06-26,183.42832946777344,227.95474243164065,182.9981842041016,207.80471801757807,207.80471801757807,14108
Universal Store of Value USD,USV-USD,2022-06-27,207.80909729003903,299.28326416015625,198.2776031494141,293.5353088378906,293.5353088378906,122874
Universal Store of Value USD,USV-USD,2022-06-28,293.5347900390625,300.4236145019531,245.18972778320312,246.8879547119141,246.8879547119141,356560
Universal Store of Value USD,USV-USD,2022-06-29,246.88577270507807,247.9939117431641,213.018798828125,215.6966247558593,215.6966247558593,377148
Universal Store of Value USD,USV-USD,2022-06-30,215.3972930908203,215.56158447265625,204.21844482421875,207.81375122070312,207.81375122070312,42855
Universal Store of Value USD,USV-USD,2022-07-01,207.8394012451172,214.30245971679688,198.7820587158203,210.72116088867188,210.72116088867188,93469
Universal Store of Value USD,USV-USD,2022-07-02,210.7235412597656,214.91064453125,189.4807891845703,189.482421875,189.482421875,181557
Universal Store of Value USD,USV-USD,2022-07-03,189.50076293945312,192.3648681640625,185.022689819336,185.0346527099609,185.0346527099609,55872
Universal Store of Value USD,USV-USD,2022-07-04,185.0346527099609,190.7633056640625,185.0346527099609,186.34423828125,186.34423828125,16499
Universal Store of Value USD,USV-USD,2022-07-05,186.3414764404297,189.6420288085937,181.4952392578125,185.4108428955078,185.4108428955078,12487
Universal Store of Value USD,USV-USD,2022-07-06,185.4259033203125,189.2049865722656,183.8777770996093,186.28224182128903,186.28224182128903,14622
Universal Store of Value USD,USV-USD,2022-07-07,186.28224182128903,188.18849182128903,183.5927124023437,184.3593139648437,184.3593139648437,9481
Universal Store of Value USD,USV-USD,2022-07-08,184.38406372070312,189.2104339599609,180.73419189453125,182.8959808349609,182.8959808349609,28224
Universal Store of Value USD,USV-USD,2022-07-09,182.8777618408203,183.3162384033203,180.1890869140625,182.17648315429688,182.17648315429688,21228
Universal Store of Value USD,USV-USD,2022-07-10,182.1812896728516,183.36569213867188,175.6055145263672,179.45314025878906,179.45314025878906,33973
Universal Store of Value USD,USV-USD,2022-07-11,179.45314025878906,180.62213134765625,175.82998657226562,175.82998657226562,175.82998657226562,11476
Universal Store of Value USD,USV-USD,2022-07-12,175.72708129882812,177.4463653564453,174.03700256347656,174.7433319091797,174.7433319091797,19918
Universal Store of Value USD,USV-USD,2022-07-13,174.62493896484375,176.1356201171875,169.28250122070312,171.39443969726562,171.39443969726562,20722
Universal Store of Value USD,USV-USD,2022-07-14,171.3944549560547,176.9298858642578,170.66204833984375,175.36448669433594,175.36448669433594,29932
Universal Store of Value USD,USV-USD,2022-07-15,175.2971954345703,177.80166625976562,173.01942443847656,175.0636749267578,175.0636749267578,9286
Universal Store of Value USD,USV-USD,2022-07-16,175.0636749267578,176.39154052734375,168.35955810546875,173.56387329101562,173.56387329101562,16403
Universal Store of Value USD,USV-USD,2022-07-17,173.5967254638672,174.357421875,167.80126953125,171.0592803955078,171.0592803955078,85537
Universal Store of Value USD,USV-USD,2022-07-18,171.12155151367188,175.07745361328125,170.67552185058594,174.03948974609375,174.03948974609375,33357
Universal Store of Value USD,USV-USD,2022-07-19,173.99671936035156,174.996337890625,171.9207763671875,173.5880889892578,173.5880889892578,8903
Universal Store of Value USD,USV-USD,2022-07-20,173.60678100585938,175.2721405029297,171.27976989746094,172.4265594482422,172.4265594482422,7671
Universal Store of Value USD,USV-USD,2022-07-21,172.4291229248047,174.62847900390625,170.55267333984375,173.7872314453125,173.7872314453125,11005
Universal Store of Value USD,USV-USD,2022-07-22,173.789306640625,175.69744873046875,171.48324584960938,172.81838989257812,172.81838989257812,12006
Universal Store of Value USD,USV-USD,2022-07-23,172.87110900878906,175.6797637939453,172.37413024902344,173.67576599121094,173.67576599121094,11237
Universal Store of Value USD,USV-USD,2022-07-24,173.67576599121094,177.3921661376953,172.03843688964844,176.62107849121094,176.62107849121094,14822
Universal Store of Value USD,USV-USD,2022-07-25,176.6071319580078,176.87127685546875,171.2705841064453,172.33203125,172.33203125,15890
Universal Store of Value USD,USV-USD,2022-07-26,172.33204650878906,172.58111572265625,164.4197998046875,166.7063751220703,166.7063751220703,17991
Universal Store of Value USD,USV-USD,2022-07-27,166.47898864746094,170.90211486816406,166.47898864746094,169.3870849609375,169.3870849609375,13610
Universal Store of Value USD,USV-USD,2022-07-28,169.39276123046875,175.85958862304688,168.07333374023438,173.427978515625,173.427978515625,30444
Universal Store of Value USD,USV-USD,2022-07-29,173.427978515625,173.63168334960938,165.68734741210938,172.65972900390625,172.65972900390625,26961
Universal Store of Value USD,USV-USD,2022-07-30,172.6267852783203,175.20106506347656,166.40240478515625,167.43800354003906,167.43800354003906,18925
Universal Store of Value USD,USV-USD,2022-07-31,167.43934631347656,170.24827575683594,166.9627227783203,167.44497680664062,167.44497680664062,10298
Universal Store of Value USD,USV-USD,2022-08-01,167.44497680664062,168.10513305664062,163.21376037597656,164.86093139648438,164.86093139648438,11504
Universal Store of Value USD,USV-USD,2022-08-02,164.86073303222656,167.2750244140625,161.06541442871094,161.64222717285156,161.64222717285156,21697
Universal Store of Value USD,USV-USD,2022-08-03,161.61593627929688,166.68804931640625,160.8113555908203,160.96340942382812,160.96340942382812,25548
Universal Store of Value USD,USV-USD,2022-08-04,161.0316162109375,167.72384643554688,158.68411254882812,162.16160583496094,162.16160583496094,37481
Universal Store of Value USD,USV-USD,2022-08-05,162.1654510498047,165.64215087890625,161.16004943847656,162.83831787109375,162.83831787109375,19245
Universal Store of Value USD,USV-USD,2022-08-06,162.89813232421875,162.93971252441406,157.48338317871094,157.97389221191406,157.97389221191406,19081
Universal Store of Value USD,USV-USD,2022-08-07,157.97894287109375,158.6368408203125,155.11402893066406,155.11402893066406,155.11402893066406,18962
Universal Store of Value USD,USV-USD,2022-08-08,155.1222686767578,158.12142944335938,150.46824645996094,153.57318115234375,153.57318115234375,35822
Universal Store of Value USD,USV-USD,2022-08-09,153.9118194580078,160.17845153808594,146.21783447265625,152.35531616210938,152.35531616210938,56534
Universal Store of Value USD,USV-USD,2022-08-10,152.35214233398438,154.46340942382812,149.8376922607422,152.1095428466797,152.1095428466797,26952
Universal Store of Value USD,USV-USD,2022-08-11,151.84405517578125,153.7725067138672,147.34214782714844,147.36582946777344,147.36582946777344,26783
Universal Store of Value USD,USV-USD,2022-08-12,147.36358642578125,147.52096557617188,140.15960693359375,141.813232421875,141.813232421875,21229
Universal Store of Value USD,USV-USD,2022-08-13,141.9254150390625,153.48245239257812,140.96847534179688,150.2536163330078,150.2536163330078,32532
Universal Store of Value USD,USV-USD,2022-08-14,150.25498962402344,153.54165649414062,147.11021423339844,147.17723083496094,147.17723083496094,9689
Universal Store of Value USD,USV-USD,2022-08-15,147.18531799316406,149.04135131835938,141.0010986328125,144.96694946289062,144.96694946289062,14703
Universal Store of Value USD,USV-USD,2022-08-16,144.9628448486328,145.3700714111328,139.0902862548828,141.04132080078125,141.04132080078125,15354
Universal Store of Value USD,USV-USD,2022-08-17,141.03427124023438,144.3223114013672,138.1288604736328,144.15199279785156,144.15199279785156,26659
Universal Store of Value USD,USV-USD,2022-08-18,144.1707000732422,145.14442443847656,140.10557556152344,140.2305908203125,140.2305908203125,15516
Universal Store of Value USD,USV-USD,2022-08-19,140.195068359375,140.22596740722656,129.543212890625,129.60743713378906,129.60743713378906,22852
Universal Store of Value USD,USV-USD,2022-08-20,130.58009338378906,131.39608764648438,122.52330780029295,126.01175689697266,126.01175689697266,46193
Universal Store of Value USD,USV-USD,2022-08-21,126.01016235351562,128.59628295898438,124.6737289428711,125.78518676757812,125.78518676757812,22036
Universal Store of Value USD,USV-USD,2022-08-22,125.80187225341795,125.91946411132812,121.47801971435548,122.27342224121094,122.27342224121094,16432
Universal Store of Value USD,USV-USD,2022-08-23,122.2695770263672,122.71376037597656,119.74243927001952,122.13420104980467,122.13420104980467,14406
Universal Store of Value USD,USV-USD,2022-08-24,122.13880157470705,162.41871643066406,119.65904998779295,146.43099975585938,146.43099975585938,481518
Universal Store of Value USD,USV-USD,2022-08-25,146.4154815673828,148.94009399414062,143.4552764892578,144.2707061767578,144.2707061767578,24032
Universal Store of Value USD,USV-USD,2022-08-26,144.2697296142578,148.89547729492188,123.0024642944336,123.19595336914062,123.19595336914062,85644
Universal Store of Value USD,USV-USD,2022-08-27,123.2131805419922,133.6257781982422,119.58120727539062,129.37774658203125,129.37774658203125,47527
Universal Store of Value USD,USV-USD,2022-08-28,129.51535034179688,129.51535034179688,124.25283813476562,125.18415832519533,125.18415832519533,18414
Universal Store of Value USD,USV-USD,2022-08-29,125.1760025024414,127.77676391601562,122.62847900390624,127.6366958618164,127.6366958618164,27481
Universal Store of Value USD,USV-USD,2022-08-30,127.62545013427734,128.43875122070312,120.28250885009766,121.35094451904295,121.35094451904295,12412
Universal Store of Value USD,USV-USD,2022-08-31,121.37076568603516,122.7689208984375,118.4292221069336,119.19627380371094,119.19627380371094,15443
Universal Store of Value USD,USV-USD,2022-09-01,119.20101165771484,119.52725982666016,113.23927307128906,115.45681762695312,115.45681762695312,20396
Universal Store of Value USD,USV-USD,2022-09-02,115.45741271972656,115.78750610351562,111.79417419433594,113.13758087158205,113.13758087158205,28156
Universal Store of Value USD,USV-USD,2022-09-03,113.13402557373048,221.72430419921875,108.84607696533205,211.5385589599609,211.5385589599609,788606
Universal Store of Value USD,USV-USD,2022-09-04,212.5048065185547,275.9930725097656,178.42654418945312,214.14854431152344,214.14854431152344,1072430
Universal Store of Value USD,USV-USD,2022-09-05,215.5260467529297,220.9073944091797,107.78302001953124,148.98194885253906,148.98194885253906,528847
Universal Store of Value USD,USV-USD,2022-09-06,148.94140625,155.85340881347656,138.2185516357422,138.5845184326172,138.5845184326172,9764
Universal Store of Value USD,USV-USD,2022-09-07,137.0377960205078,140.8257598876953,120.08660888671876,128.36343383789062,128.36343383789062,27516
Universal Store of Value USD,USV-USD,2022-09-08,128.35174560546875,128.88099670410156,114.9050521850586,125.44512939453124,125.44512939453124,18644
Universal Store of Value USD,USV-USD,2022-09-09,125.4390106201172,142.72906494140625,119.73845672607422,125.46086883544922,125.46086883544922,14775
Universal Store of Value USD,USV-USD,2022-09-10,125.46344757080078,130.9108428955078,112.18990325927734,121.40219116210938,121.40219116210938,13304
Universal Store of Value USD,USV-USD,2022-09-11,121.40437316894533,127.39114379882812,112.75202178955078,116.22145080566406,116.22145080566406,11660
Universal Store of Value USD,USV-USD,2022-09-12,116.22442626953124,120.8823699951172,108.84979248046876,116.85771942138672,116.85771942138672,12339
Universal Store of Value USD,USV-USD,2022-09-13,116.85469818115234,119.4454574584961,107.85565185546876,111.24762725830078,111.24762725830078,14183
Universal Store of Value USD,USV-USD,2022-09-14,109.48680114746094,112.11416625976562,93.0747299194336,97.5956039428711,97.5956039428711,41093
Universal Store of Value USD,USV-USD,2022-09-15,97.59825134277344,98.0522689819336,87.2123794555664,93.26858520507812,93.26858520507812,23345
Universal Store of Value USD,USV-USD,2022-09-16,93.24867248535156,104.74017333984376,85.48038482666016,87.9403305053711,87.9403305053711,10986
Universal Store of Value USD,USV-USD,2022-09-17,87.93115997314453,87.93734741210938,81.1714096069336,82.17057800292969,82.17057800292969,15067
Universal Store of Value USD,USV-USD,2022-09-18,82.1844253540039,84.51399993896484,80.07017517089844,82.19159698486328,82.19159698486328,5203
Universal Store of Value USD,USV-USD,2022-09-19,82.23782348632812,89.98314666748047,79.85614776611328,84.8471450805664,84.8471450805664,8389
Universal Store of Value USD,USV-USD,2022-09-20,84.82188415527344,91.3423309326172,82.38621520996094,84.29435729980469,84.29435729980469,3051
Universal Store of Value USD,USV-USD,2022-09-21,84.28306579589844,85.45284271240234,76.52547454833984,80.57047271728516,80.57047271728516,2868
Universal Store of Value USD,USV-USD,2022-09-22,80.57807159423828,80.68511199951172,75.01591491699219,77.51924133300781,77.51924133300781,7621
Universal Store of Value USD,USV-USD,2022-09-23,77.54817962646484,81.88528442382812,76.92102813720703,78.40313720703125,78.40313720703125,3512
Universal Store of Value USD,USV-USD,2022-09-24,78.39147186279297,90.27796936035156,74.97145080566406,82.68141174316406,82.68141174316406,25561
Universal Store of Value USD,USV-USD,2022-09-25,82.67406463623047,83.62110137939453,74.87328338623047,74.97755432128906,74.97755432128906,9040
Universal Store of Value USD,USV-USD,2022-09-26,74.96430969238281,74.97967529296875,62.82526779174805,64.17085266113281,64.17085266113281,15867
Universal Store of Value USD,USV-USD,2022-09-27,64.16143798828125,66.06402587890625,54.6339111328125,55.94838333129883,55.94838333129883,21375
Universal Store of Value USD,USV-USD,2022-09-28,55.94719696044922,57.133670806884766,50.57067108154297,53.17769241333008,53.17769241333008,11234
Universal Store of Value USD,USV-USD,2022-09-29,53.18462753295898,53.62377166748047,46.24238967895508,48.7551383972168,48.7551383972168,10167
Universal Store of Value USD,USV-USD,2022-09-30,48.75528717041016,75.28958129882812,48.74564743041992,57.3403549194336,57.3403549194336,51251
Universal Store of Value USD,USV-USD,2022-10-01,57.29738235473633,58.15258026123047,53.909969329833984,56.58023071289063,56.58023071289063,6213
Universal Store of Value USD,USV-USD,2022-10-02,56.5823974609375,57.75640487670898,53.1080207824707,53.287254333496094,53.287254333496094,5351
Universal Store of Value USD,USV-USD,2022-10-03,53.30202865600586,53.80470275878906,47.20030975341797,48.71997833251953,48.71997833251953,14855
Universal Store of Value USD,USV-USD,2022-10-04,48.70712661743164,49.22085952758789,44.15809631347656,45.80378723144531,45.80378723144531,10180
Universal Store of Value USD,USV-USD,2022-10-05,45.790958404541016,46.13795852661133,41.49589538574219,42.5220832824707,42.5220832824707,9592
Universal Store of Value USD,USV-USD,2022-10-06,42.5273551940918,42.72695159912109,37.54269409179688,39.18441009521485,39.18441009521485,10098
Universal Store of Value USD,USV-USD,2022-10-07,39.187042236328125,40.11795425415039,35.18091583251953,36.51678085327149,36.51678085327149,9706
Universal Store of Value USD,USV-USD,2022-10-08,36.51443099975586,127.35447692871094,33.90998458862305,122.1221923828125,122.1221923828125,145980
Universal Store of Value USD,USV-USD,2022-10-09,122.16950225830078,122.72834014892578,107.27287292480467,110.02476501464844,110.02476501464844,12994
Universal Store of Value USD,USV-USD,2022-10-10,110.02465057373048,110.04956817626952,97.77053833007812,101.29794311523438,101.29794311523438,24572
Universal Store of Value USD,USV-USD,2022-10-11,101.29794311523438,101.29794311523438,89.82877349853516,92.77598571777344,92.77598571777344,30324
Universal Store of Value USD,USV-USD,2022-10-12,92.77598571777344,96.4100570678711,87.17292785644531,89.30933380126953,89.30933380126953,20204
Universal Store of Value USD,USV-USD,2022-10-13,89.30933380126953,90.36688232421876,83.31671905517578,87.31519317626953,87.31519317626953,21840
Universal Store of Value USD,USV-USD,2022-10-14,87.31529235839844,88.45085906982422,80.44102478027344,83.5052490234375,83.5052490234375,19784
Universal Store of Value USD,USV-USD,2022-10-15,83.5052490234375,84.54188537597656,75.01447296142578,78.8530044555664,78.8530044555664,16938
Universal Store of Value USD,USV-USD,2022-10-16,78.85246276855469,81.34392547607422,68.55091094970703,71.95042419433594,71.95042419433594,15707
Universal Store of Value USD,USV-USD,2022-10-17,71.9504165649414,74.70523834228516,66.79153442382812,68.47087097167969,68.47087097167969,16984
Universal Store of Value USD,USV-USD,2022-10-18,68.47090148925781,72.9969253540039,61.96258163452149,64.18399047851562,64.18399047851562,13453
Universal Store of Value USD,USV-USD,2022-10-19,64.1846694946289,64.35696411132812,55.34574890136719,60.78420639038086,60.78420639038086,25567
Universal Store of Value USD,USV-USD,2022-10-20,60.77559280395508,65.54114532470703,50.05680084228516,53.10448455810547,53.10448455810547,16335
Universal Store of Value USD,USV-USD,2022-10-21,53.147438049316406,63.730499267578125,49.01285934448242,59.79185104370117,59.79185104370117,12687
Universal Store of Value USD,USV-USD,2022-10-22,59.79253768920898,64.60399627685547,47.90330123901367,61.62019729614258,61.62019729614258,5439
Universal Store of Value USD,USV-USD,2022-10-23,61.62034225463867,63.820194244384766,47.3624382019043,49.52988052368164,49.52988052368164,3129
Universal Store of Value USD,USV-USD,2022-10-24,49.534515380859375,76.03984069824219,49.53196334838867,52.71595764160156,52.71595764160156,3443
Universal Store of Value USD,USV-USD,2022-10-25,52.71595764160156,62.30282211303711,51.99755096435547,62.2911491394043,62.2911491394043,3527
Universal Store of Value USD,USV-USD,2022-10-26,62.29906463623047,62.30125427246094,43.35874557495117,49.81575393676758,49.81575393676758,22887
Universal Store of Value USD,USV-USD,2022-10-27,49.81575393676758,51.00543594360352,38.80942153930664,42.5697021484375,42.5697021484375,19361
Universal Store of Value USD,USV-USD,2022-10-28,42.5697021484375,44.34195327758789,37.20018768310547,37.776458740234375,37.776458740234375,10950
Universal Store of Value USD,USV-USD,2022-10-29,37.776458740234375,39.11787033081055,33.73133850097656,34.75328826904297,34.75328826904297,12234
Universal Store of Value USD,USV-USD,2022-10-30,34.75328826904297,67.97052764892578,27.8364372253418,58.050079345703125,58.050079345703125,167678
Universal Store of Value USD,USV-USD,2022-10-31,58.050079345703125,59.166934967041016,55.23678588867188,56.04185104370117,56.04185104370117,17925
Universal Store of Value USD,USV-USD,2022-11-01,56.04185104370117,56.13777542114258,50.58235549926758,52.845462799072266,52.845462799072266,18464
Universal Store of Value USD,USV-USD,2022-11-02,52.845462799072266,52.845462799072266,48.55549240112305,50.42399597167969,50.42399597167969,19219
Universal Store of Value USD,USV-USD,2022-11-03,50.42399597167969,52.11915969848633,47.57889938354492,49.3982048034668,49.3982048034668,18057
Universal Store of Value USD,USV-USD,2022-11-04,49.394676208496094,50.87256240844727,46.44418716430664,49.73272705078125,49.73272705078125,18733
Universal Store of Value USD,USV-USD,2022-11-05,49.74380874633789,51.00094985961914,44.28307723999024,45.742305755615234,45.742305755615234,16041
Universal Store of Value USD,USV-USD,2022-11-06,45.73712921142578,46.0944938659668,38.86642837524414,40.92438125610352,40.92438125610352,15378
Universal Store of Value USD,USV-USD,2022-11-07,40.90366363525391,41.12729644775391,34.17757797241211,36.09413528442383,36.09413528442383,14923
Universal Store of Value USD,USV-USD,2022-11-08,36.09413528442383,36.16426467895508,30.51458740234375,31.2039737701416,31.2039737701416,16495
Universal Store of Value USD,USV-USD,2022-11-09,31.181245803833008,31.24920463562012,26.85856437683105,27.189674377441406,27.189674377441406,9161
Universal Store of Value USD,USV-USD,2022-11-10,27.17499542236328,31.595966339111328,26.83613395690918,30.58190155029297,30.58190155029297,8692
Universal Store of Value USD,USV-USD,2022-11-11,30.568920135498047,32.21772766113281,29.1992416381836,30.58300971984864,30.58300971984864,3360
Universal Store of Value USD,USV-USD,2022-11-12,30.596240997314453,33.349647521972656,30.031280517578125,31.93372917175293,31.93372917175293,3597
Universal Store of Value USD,USV-USD,2022-11-13,31.917200088500977,31.927717208862305,27.96992492675781,28.47345733642578,28.47345733642578,3985
Universal Store of Value USD,USV-USD,2022-11-14,28.4965934753418,28.996383666992188,26.20501518249512,26.74817657470703,26.74817657470703,2471
Universal Store of Value USD,USV-USD,2022-11-15,26.74857521057129,30.31416893005371,23.923309326171875,25.18358039855957,25.18358039855957,1517
Universal Store of Value USD,USV-USD,2022-11-16,25.190128326416016,26.883285522460938,23.246936798095703,23.60538673400879,23.60538673400879,2548
Universal Store of Value USD,USV-USD,2022-11-17,23.60482215881348,29.48640251159668,23.36385154724121,28.42122840881348,28.42122840881348,1373
Universal Store of Value USD,USV-USD,2022-11-18,28.4241886138916,32.77326202392578,28.407283782958984,29.122344970703125,29.122344970703125,3025
Universal Store of Value USD,USV-USD,2022-11-19,29.12251091003418,32.8746223449707,26.58253669738769,30.973297119140625,30.973297119140625,27253
Universal Store of Value USD,USV-USD,2022-11-20,30.973297119140625,31.078353881835938,25.894784927368164,25.973726272583008,25.973726272583008,16428
Universal Store of Value USD,USV-USD,2022-11-21,25.96087455749512,26.296127319335938,25.47062873840332,25.696929931640625,25.696929931640625,1410
Universal Store of Value USD,USV-USD,2022-11-22,25.70191764831543,29.74195098876953,25.299219131469727,26.28026390075684,26.28026390075684,506
Universal Store of Value USD,USV-USD,2022-11-23,26.2794189453125,27.431638717651367,25.76515388488769,26.93701362609864,26.93701362609864,496
Universal Store of Value USD,USV-USD,2022-11-24,26.930694580078125,27.312000274658203,26.80425453186035,26.887657165527344,26.887657165527344,297
Universal Store of Value USD,USV-USD,2022-11-25,26.887657165527344,27.15656280517578,26.368797302246094,27.066883087158203,27.066883087158203,196
Universal Store of Value USD,USV-USD,2022-11-26,27.06558609008789,27.315170288085938,26.37517166137696,26.510995864868164,26.510995864868164,344
Universal Store of Value USD,USV-USD,2022-11-27,26.509260177612305,26.9809799194336,25.158361434936523,26.635257720947266,26.635257720947266,1470
Universal Store of Value USD,USV-USD,2022-11-28,26.635257720947266,26.78375816345215,25.799236297607425,26.18057441711425,26.18057441711425,1057
Universal Store of Value USD,USV-USD,2022-11-29,26.17751693725586,26.295372009277344,24.96080207824707,25.22332191467285,25.22332191467285,281
Universal Store of Value USD,USV-USD,2022-11-30,25.22332191467285,26.3726749420166,25.20018196105957,26.355079650878903,26.355079650878903,215
Universal Store of Value USD,USV-USD,2022-12-01,26.355079650878903,29.9161319732666,25.41438865661621,25.6032772064209,25.6032772064209,786
Universal Store of Value USD,USV-USD,2022-12-02,25.60342025756836,25.7717399597168,25.430185317993164,25.7717399597168,25.7717399597168,64
Universal Store of Value USD,USV-USD,2022-12-03,25.7646484375,28.333845138549805,24.70600318908692,24.75711250305176,24.75711250305176,361
Universal Store of Value USD,USV-USD,2022-12-04,24.746294021606445,26.50851058959961,24.72785377502441,25.376916885375977,25.376916885375977,367
Universal Store of Value USD,USV-USD,2022-12-05,25.376853942871094,27.536771774291992,25.0810546875,25.36188125610352,25.36188125610352,508
Universal Store of Value USD,USV-USD,2022-12-06,25.36188125610352,29.629608154296875,25.07442855834961,28.90180778503418,28.90180778503418,69
Universal Store of Value USD,USV-USD,2022-12-07,28.89693260192871,29.578453063964844,24.32679557800293,24.57272720336914,24.57272720336914,221
Universal Store of Value USD,USV-USD,2022-12-08,24.57272720336914,28.574989318847656,24.433835983276367,24.82073211669922,24.82073211669922,222
Universal Store of Value USD,USV-USD,2022-12-09,24.82073211669922,28.651836395263672,24.150535583496094,24.194074630737305,24.194074630737305,214
Universal Store of Value USD,USV-USD,2022-12-10,24.194074630737305,24.65177345275879,23.91411781311035,24.142995834350582,24.142995834350582,665
Universal Store of Value USD,USV-USD,2022-12-11,24.142995834350582,25.09335327148437,24.11284065246582,24.600866317749023,24.600866317749023,436
Universal Store of Value USD,USV-USD,2022-12-12,24.600866317749023,24.60494613647461,19.96658134460449,19.969615936279297,19.969615936279297,3958
Universal Store of Value USD,USV-USD,2022-12-13,19.96049690246582,21.718969345092773,19.48785781860352,20.33507537841797,20.33507537841797,1944
Universal Store of Value USD,USV-USD,2022-12-14,20.33626747131348,21.687538146972656,19.91874885559082,20.071897506713867,20.071897506713867,311
Universal Store of Value USD,USV-USD,2022-12-15,20.06699752807617,21.04330062866211,19.608747482299805,19.76432609558105,19.76432609558105,185
Universal Store of Value USD,USV-USD,2022-12-16,19.73931884765625,21.041147232055664,18.74510955810547,18.87434959411621,18.87434959411621,403
Universal Store of Value USD,USV-USD,2022-12-17,18.86923217773437,22.06147575378418,18.672542572021484,18.96406936645508,18.96406936645508,583
Universal Store of Value USD,USV-USD,2022-12-18,18.96406936645508,20.44466781616211,18.85686111450196,18.9080753326416,18.9080753326416,238
Universal Store of Value USD,USV-USD,2022-12-19,18.9080753326416,19.02069664001465,18.498544692993164,18.643644332885746,18.643644332885746,405
Universal Store of Value USD,USV-USD,2022-12-20,18.643644332885746,19.13443374633789,18.29157257080078,18.52442169189453,18.52442169189453,111
Universal Store of Value USD,USV-USD,2022-12-21,18.52442169189453,20.60419654846192,18.487926483154297,18.98817253112793,18.98817253112793,90
Universal Store of Value USD,USV-USD,2022-12-22,18.98786163330078,19.23413848876953,17.667980194091797,18.56671524047852,18.56671524047852,2360
Universal Store of Value USD,USV-USD,2022-12-23,18.56632423400879,18.77433967590332,18.41226959228516,18.445714950561523,18.445714950561523,407
Universal Store of Value USD,USV-USD,2022-12-24,18.441930770874023,19.44648742675781,18.40226173400879,19.44321632385254,19.44321632385254,15
Universal Store of Value USD,USV-USD,2022-12-25,19.44321632385254,20.37851524353028,18.30198860168457,18.987518310546875,18.987518310546875,1877
Universal Store of Value USD,USV-USD,2022-12-26,18.98844718933105,19.32131004333496,18.212146759033203,18.279027938842773,18.279027938842773,1212
Universal Store of Value USD,USV-USD,2022-12-27,18.261947631835938,19.935909271240234,18.050920486450195,18.620805740356445,18.620805740356445,293
Universal Store of Value USD,USV-USD,2022-12-28,18.627763748168945,18.75772857666016,17.9276123046875,17.995481491088867,17.995481491088867,343
Universal Store of Value USD,USV-USD,2022-12-29,17.995481491088867,18.377927780151367,17.886295318603516,18.2412052154541,18.2412052154541,91
Universal Store of Value USD,USV-USD,2022-12-30,18.2412052154541,22.58460235595703,15.319952011108398,16.33600425720215,16.33600425720215,8210
Universal Store of Value USD,USV-USD,2022-12-31,16.340499877929688,16.34129524230957,14.022719383239746,15.462002754211426,15.462002754211426,8387
Universal Store of Value USD,USV-USD,2023-01-01,15.462170600891112,15.932839393615724,14.473737716674805,14.91329574584961,14.91329574584961,11495
Universal Store of Value USD,USV-USD,2023-01-02,14.91329574584961,19.936878204345703,14.43281078338623,14.573283195495604,14.573283195495604,320
Universal Store of Value USD,USV-USD,2023-01-03,14.573954582214355,14.871787071228027,14.568586349487305,14.709851264953612,14.709851264953612,73
Universal Store of Value USD,USV-USD,2023-01-04,14.709851264953612,16.26723289489746,14.69735622406006,15.511556625366213,15.511556625366213,635
Universal Store of Value USD,USV-USD,2023-01-05,15.519548416137695,15.566038131713867,15.376111030578612,15.414599418640137,15.414599418640137,136
Universal Store of Value USD,USV-USD,2023-01-06,15.40225315093994,16.06940269470215,15.146174430847168,15.336769104003906,15.336769104003906,111
Universal Store of Value USD,USV-USD,2023-01-07,15.338748931884766,15.419964790344238,14.86361312866211,15.03661060333252,15.03661060333252,375
Universal Store of Value USD,USV-USD,2023-01-08,15.036219596862791,17.34039878845215,14.914712905883787,15.811756134033203,15.811756134033203,327
Universal Store of Value USD,USV-USD,2023-01-09,15.774001121520996,19.226318359375,15.562838554382324,15.583152770996094,15.583152770996094,130
Universal Store of Value USD,USV-USD,2023-01-10,15.594764709472656,19.644893646240234,15.478418350219728,19.1367130279541,19.1367130279541,159
Universal Store of Value USD,USV-USD,2023-01-11,19.1367130279541,19.555606842041016,15.145512580871582,17.585323333740234,17.585323333740234,777
Universal Store of Value USD,USV-USD,2023-01-12,17.858673095703125,20.60271453857422,15.553985595703123,19.67092514038086,19.67092514038086,272
Universal Store of Value USD,USV-USD,2023-01-13,19.681032180786133,19.681032180786133,15.42396354675293,18.97721290588379,18.97721290588379,170
Universal Store of Value USD,USV-USD,2023-01-14,18.95938873291016,20.53500938415528,16.6007137298584,20.264562606811523,20.264562606811523,806
Universal Store of Value USD,USV-USD,2023-01-15,20.262035369873047,20.26351928710937,16.6601619720459,16.84466552734375,16.84466552734375,1009
Universal Store of Value USD,USV-USD,2023-01-16,16.827280044555664,16.97708511352539,14.149422645568848,14.949456214904783,14.949456214904783,7715
Universal Store of Value USD,USV-USD,2023-01-17,14.949456214904783,16.50341033935547,14.878366470336914,16.447389602661133,16.447389602661133,400
Universal Store of Value USD,USV-USD,2023-01-18,16.449256896972656,17.864784240722656,14.79102897644043,14.989349365234377,14.989349365234377,1812
Universal Store of Value USD,USV-USD,2023-01-19,14.98570442199707,16.8118839263916,14.568358421325684,14.775962829589844,14.775962829589844,316
Universal Store of Value USD,USV-USD,2023-01-20,14.76600742340088,18.315284729003903,14.615007400512695,15.102092742919922,15.102092742919922,146
Universal Store of Value USD,USV-USD,2023-01-21,15.102795600891112,20.354217529296875,15.042354583740234,16.61368179321289,16.61368179321289,515
Universal Store of Value USD,USV-USD,2023-01-22,16.624698638916016,17.834774017333984,15.11087131500244,17.822999954223633,17.822999954223633,267
Universal Store of Value USD,USV-USD,2023-01-23,17.82175064086914,20.109432220458984,14.924442291259766,15.009657859802246,15.009657859802246,69
Universal Store of Value USD,USV-USD,2023-01-24,14.986618995666504,19.040258407592773,14.96386432647705,16.27642059326172,16.27642059326172,725
Universal Store of Value USD,USV-USD,2023-01-25,16.287256240844727,17.433616638183594,14.981002807617188,15.638517379760742,15.638517379760742,489
Universal Store of Value USD,USV-USD,2023-01-26,15.642271041870115,17.496076583862305,15.500225067138672,15.81899356842041,15.81899356842041,327
Universal Store of Value USD,USV-USD,2023-01-27,15.818302154541016,16.217802047729492,14.6436128616333,15.105664253234863,15.105664253234863,3882
Universal Store of Value USD,USV-USD,2023-01-28,15.37897777557373,16.42647933959961,15.100647926330566,15.94922161102295,15.94922161102295,1225
Universal Store of Value USD,USV-USD,2023-01-29,15.94922161102295,17.590173721313477,15.678215026855469,17.589887619018555,17.589887619018555,993
Universal Store of Value USD,USV-USD,2023-01-30,17.585525512695312,19.655656814575195,16.008737564086914,19.30632972717285,19.30632972717285,367
Universal Store of Value USD,USV-USD,2023-01-31,19.30632972717285,19.569799423217773,15.737220764160156,16.664567947387695,16.664567947387695,200
Universal Store of Value USD,USV-USD,2023-02-01,16.667089462280273,18.83788108825684,12.3414306640625,12.743284225463867,12.743284225463867,11562
Universal Store of Value USD,USV-USD,2023-02-02,12.739060401916504,16.65074920654297,12.696578979492188,15.42742156982422,15.42742156982422,308
Universal Store of Value USD,USV-USD,2023-02-03,15.42470932006836,20.563745498657227,13.243330955505373,20.116565704345703,20.116565704345703,376
Universal Store of Value USD,USV-USD,2023-02-04,20.140661239624023,20.217782974243164,13.217029571533203,13.53998565673828,13.53998565673828,406
Universal Store of Value USD,USV-USD,2023-02-05,13.53810214996338,15.594403266906738,13.450304985046388,15.474809646606444,15.474809646606444,644
Universal Store of Value USD,USV-USD,2023-02-06,15.47775173187256,15.970499038696287,13.875572204589844,15.94452667236328,15.94452667236328,579
Universal Store of Value USD,USV-USD,2023-02-07,15.938158988952637,16.598461151123047,14.026521682739258,14.055896759033203,14.055896759033203,224
Universal Store of Value USD,USV-USD,2023-02-08,14.060942649841309,21.970258712768555,14.012707710266112,14.341401100158691,14.341401100158691,366
Universal Store of Value USD,USV-USD,2023-02-09,14.344749450683594,20.257095336914062,14.085897445678713,18.58189392089844,18.58189392089844,505
Universal Store of Value USD,USV-USD,2023-02-10,18.583803176879883,18.58607292175293,14.53448486328125,16.55643653869629,16.55643653869629,811
Universal Store of Value USD,USV-USD,2023-02-11,16.5679988861084,17.466068267822266,13.980642318725586,14.216066360473633,14.216066360473633,145
Universal Store of Value USD,USV-USD,2023-02-12,14.206461906433104,20.237913131713867,13.441816329956056,14.632641792297363,14.632641792297363,224
Universal Store of Value USD,USV-USD,2023-02-13,14.610221862792969,18.9895133972168,13.742109298706056,13.94655418395996,13.94655418395996,113
Universal Store of Value USD,USV-USD,2023-02-14,13.963545799255373,24.17012405395508,13.465620040893556,13.505192756652832,13.505192756652832,91
Universal Store of Value USD,USV-USD,2023-02-15,13.494983673095703,21.36549949645996,13.393625259399414,21.05539894104004,21.05539894104004,415
Universal Store of Value USD,USV-USD,2023-02-16,21.05872344970703,21.517501831054688,15.322975158691406,18.07093811035156,18.07093811035156,1512
Universal Store of Value USD,USV-USD,2023-02-17,18.06670188903809,24.27145195007324,16.92677879333496,22.60898780822754,22.60898780822754,219
Universal Store of Value USD,USV-USD,2023-02-18,22.610885620117188,22.653627395629883,15.46135425567627,15.684999465942385,15.684999465942385,161
Universal Store of Value USD,USV-USD,2023-02-19,15.636911392211914,20.242244720458984,15.121977806091309,15.910599708557127,15.910599708557127,234
Universal Store of Value USD,USV-USD,2023-02-20,15.898587226867676,23.31741142272949,15.874517440795898,23.299320220947266,23.299320220947266,504
Universal Store of Value USD,USV-USD,2023-02-21,23.299909591674805,23.331960678100582,14.90661907196045,14.941461563110352,14.941461563110352,254
Universal Store of Value USD,USV-USD,2023-02-22,14.944504737854004,22.06564140319824,14.835826873779297,18.75705909729004,18.75705909729004,428
Universal Store of Value USD,USV-USD,2023-02-23,18.75763702392578,19.447389602661133,14.9640474319458,18.53366470336914,18.53366470336914,219
Universal Store of Value USD,USV-USD,2023-02-24,18.53366470336914,26.39389610290528,14.6650390625,15.166370391845703,15.166370391845703,257
Universal Store of Value USD,USV-USD,2023-02-25,14.684748649597168,18.170568466186523,14.482653617858888,15.89429759979248,15.89429759979248,855
Universal Store of Value USD,USV-USD,2023-02-26,15.897830963134766,15.984883308410645,14.05373191833496,14.18045139312744,14.18045139312744,18
Universal Store of Value USD,USV-USD,2023-02-27,14.144115447998049,16.088991165161133,14.106828689575195,14.28777027130127,14.28777027130127,72
Universal Store of Value USD,USV-USD,2023-02-28,14.288716316223145,14.289632797241213,13.37819480895996,13.555444717407228,13.555444717407228,593
Universal Store of Value USD,USV-USD,2023-03-01,13.56001091003418,15.236577987670898,13.467555046081545,14.502924919128418,14.502924919128418,64
Universal Store of Value USD,USV-USD,2023-03-02,14.502924919128418,15.556049346923828,13.858741760253906,13.86397933959961,13.86397933959961,25
Universal Store of Value USD,USV-USD,2023-03-03,13.869441032409668,21.556066513061523,11.951312065124512,14.624231338500977,14.624231338500977,737
Universal Store of Value USD,USV-USD,2023-03-04,14.623440742492676,14.975184440612791,13.631587028503418,13.900551795959473,13.900551795959473,135
Universal Store of Value USD,USV-USD,2023-03-05,13.895535469055176,20.35690689086914,12.916975021362305,14.811251640319824,14.811251640319824,212
Universal Store of Value USD,USV-USD,2023-03-06,14.749837875366213,24.23517608642578,14.407286643981934,14.58756160736084,14.58756160736084,71
Universal Store of Value USD,USV-USD,2023-03-07,14.618691444396973,14.61905574798584,12.479973793029783,12.579285621643066,12.579285621643066,333
Universal Store of Value USD,USV-USD,2023-03-08,12.580389976501465,13.063156127929688,11.50552463531494,11.50552463531494,11.50552463531494,1160
Universal Store of Value USD,USV-USD,2023-03-09,11.500351905822754,12.849365234375,11.318680763244627,11.68832302093506,11.68832302093506,1317
Universal Store of Value USD,USV-USD,2023-03-10,11.688345909118652,17.241060256958008,11.669246673583984,17.17333221435547,17.17333221435547,346
Universal Store of Value USD,USV-USD,2023-03-11,17.17613410949707,17.689266204833984,13.950435638427734,17.2061767578125,17.2061767578125,627
Universal Store of Value USD,USV-USD,2023-03-12,17.19187355041504,19.699342727661133,11.440265655517578,14.123979568481444,14.123979568481444,246
Universal Store of Value USD,USV-USD,2023-03-13,14.131514549255373,19.31958770751953,11.620804786682127,12.025864601135254,12.025864601135254,416
Universal Store of Value USD,USV-USD,2023-03-14,12.035898208618164,15.108488082885742,11.832904815673828,11.89968967437744,11.89968967437744,430
Universal Store of Value USD,USV-USD,2023-03-15,11.892355918884276,22.857074737548828,11.706316947937012,14.75064468383789,14.75064468383789,145
Universal Store of Value USD,USV-USD,2023-03-16,14.751340866088867,15.359603881835938,11.402409553527832,12.087691307067873,12.087691307067873,81
Universal Store of Value USD,USV-USD,2023-03-17,12.099514961242676,13.060724258422852,12.0479154586792,12.796549797058104,12.796549797058104,133
Universal Store of Value USD,USV-USD,2023-03-18,12.80003833770752,17.37790298461914,12.308483123779297,12.993815422058104,12.993815422058104,314
Universal Store of Value USD,USV-USD,2023-03-19,12.993815422058104,14.634604454040527,12.045891761779783,12.048334121704102,12.048334121704102,391
Universal Store of Value USD,USV-USD,2023-03-20,12.052026748657228,14.708221435546877,11.832618713378906,11.840807914733888,11.840807914733888,163
Universal Store of Value USD,USV-USD,2023-03-21,11.84059238433838,12.9791898727417,11.70798110961914,12.225104331970217,12.225104331970217,95
Universal Store of Value USD,USV-USD,2023-03-22,12.227510452270508,12.691338539123535,11.892637252807615,12.598657608032228,12.598657608032228,444
Universal Store of Value USD,USV-USD,2023-03-23,12.596049308776855,13.922484397888184,11.926780700683594,12.161273956298828,12.161273956298828,509
Universal Store of Value USD,USV-USD,2023-03-24,12.16280460357666,12.18756866455078,11.745298385620115,12.173192024230955,12.173192024230955,53
Universal Store of Value USD,USV-USD,2023-03-25,12.188151359558104,14.184163093566896,11.631839752197266,12.18584442138672,12.18584442138672,96
Universal Store of Value USD,USV-USD,2023-03-26,12.18755340576172,12.342973709106444,11.784929275512695,11.881121635437012,11.881121635437012,33
Universal Store of Value USD,USV-USD,2023-03-27,11.883245468139648,11.917552947998049,11.482912063598633,11.654495239257812,11.654495239257812,99
Universal Store of Value USD,USV-USD,2023-03-28,11.65345859527588,12.426478385925291,11.631207466125488,12.093461036682127,12.093461036682127,119
Universal Store of Value USD,USV-USD,2023-03-29,12.094910621643066,12.31931495666504,11.376670837402344,12.255739212036133,12.255739212036133,37
Universal Store of Value USD,USV-USD,2023-03-30,12.264226913452148,16.003440856933594,11.957036018371582,12.181536674499512,12.181536674499512,243
Universal Store of Value USD,USV-USD,2023-03-31,12.182503700256348,12.558267593383787,11.451322555541992,11.719273567199709,11.719273567199709,367
Universal Store of Value USD,USV-USD,2023-04-01,11.63236141204834,21.99682807922364,11.52906608581543,12.64867877960205,12.64867877960205,32
Universal Store of Value USD,USV-USD,2023-04-02,12.633307456970217,12.690373420715332,11.457507133483888,11.562421798706056,11.562421798706056,48
Universal Store of Value USD,USV-USD,2023-04-03,11.562122344970703,12.298645973205566,11.409378051757812,12.12657070159912,12.12657070159912,268
Universal Store of Value USD,USV-USD,2023-04-04,12.127041816711426,12.414746284484863,11.422863960266112,11.424142837524414,11.424142837524414,44
Universal Store of Value USD,USV-USD,2023-04-05,11.42469882965088,14.292119026184082,11.42408561706543,12.398101806640623,12.398101806640623,65
Universal Store of Value USD,USV-USD,2023-04-06,12.395135879516602,13.003876686096191,11.842084884643556,12.02834701538086,12.02834701538086,154
Universal Store of Value USD,USV-USD,2023-04-07,12.025641441345217,12.025641441345217,11.17835807800293,11.475377082824709,11.475377082824709,142
Universal Store of Value USD,USV-USD,2023-04-08,11.47504997253418,12.237293243408203,11.047323226928713,11.065299987792969,11.065299987792969,46
Universal Store of Value USD,USV-USD,2023-04-09,11.063349723815918,12.404825210571287,11.012843132019045,12.109968185424805,12.109968185424805,88
Universal Store of Value USD,USV-USD,2023-04-10,12.10531520843506,12.50788116455078,11.857954978942873,11.870034217834473,11.870034217834473,94
Universal Store of Value USD,USV-USD,2023-04-11,11.87008285522461,12.930988311767578,11.314011573791504,12.839950561523438,12.839950561523438,343
Universal Store of Value USD,USV-USD,2023-04-12,12.842700958251951,17.44212532043457,11.45918083190918,12.292924880981444,12.292924880981444,82
Universal Store of Value USD,USV-USD,2023-04-13,12.126516342163086,12.591106414794922,11.44121265411377,12.03104305267334,12.03104305267334,40
Universal Store of Value USD,USV-USD,2023-04-14,12.03093147277832,13.36258316040039,11.844091415405272,12.993602752685549,12.993602752685549,431
Universal Store of Value USD,USV-USD,2023-04-15,12.991876602172852,18.82190322875977,11.741620063781738,13.08303165435791,13.08303165435791,190
Universal Store of Value USD,USV-USD,2023-04-16,13.084754943847656,18.26697540283203,11.685559272766112,12.039552688598633,12.039552688598633,1021
Universal Store of Value USD,USV-USD,2023-04-17,12.04037380218506,21.96327209472656,12.005830764770508,17.793996810913086,17.793996810913086,41
Universal Store of Value USD,USV-USD,2023-04-18,17.79848861694336,17.79848861694336,14.07289695739746,14.096092224121094,14.096092224121094,0
Universal Store of Value USD,USV-USD,2023-04-19,14.096092224121094,14.096092224121094,11.898569107055664,11.908841133117676,11.908841133117676,202
Universal Store of Value USD,USV-USD,2023-04-20,11.9099702835083,23.200014114379883,11.9099702835083,12.598133087158203,12.598133087158203,69
Universal Store of Value USD,USV-USD,2023-04-21,12.601015090942385,18.15825653076172,11.84688663482666,12.37427043914795,12.37427043914795,186
Universal Store of Value USD,USV-USD,2023-04-22,12.37427043914795,12.471450805664062,11.107207298278809,11.108741760253906,11.108741760253906,15
Universal Store of Value USD,USV-USD,2023-04-23,11.11013412475586,13.23427391052246,11.11013412475586,12.260122299194336,12.260122299194336,66
Universal Store of Value USD,USV-USD,2023-04-24,12.25915813446045,13.12397289276123,12.237199783325195,12.336060523986816,12.336060523986816,125
Universal Store of Value USD,USV-USD,2023-04-25,12.33457088470459,19.842117309570312,11.260910987854004,11.389107704162598,11.389107704162598,53
Universal Store of Value USD,USV-USD,2023-04-26,11.390751838684082,13.11485481262207,11.166746139526367,12.236564636230469,12.236564636230469,58
Universal Store of Value USD,USV-USD,2023-04-27,12.2352876663208,13.053918838500977,11.9234037399292,13.053918838500977,13.053918838500977,0
Universal Store of Value USD,USV-USD,2023-04-28,13.053918838500977,13.053918838500977,13.053918838500977,13.053918838500977,13.053918838500977,0
Universal Store of Value USD,USV-USD,2023-04-29,13.053918838500977,13.053918838500977,13.053918838500977,13.053918838500977,13.053918838500977,0
Universal Store of Value USD,USV-USD,2023-04-30,13.053918838500977,22.197959899902344,10.890490531921388,12.12961196899414,12.12961196899414,112
Universal Store of Value USD,USV-USD,2023-05-01,12.127678871154783,12.311023712158203,10.848271369934082,10.855084419250488,10.855084419250488,13
Universal Store of Value USD,USV-USD,2023-05-02,10.855445861816406,11.119854927062988,10.679981231689451,11.11352825164795,11.11352825164795,17
Universal Store of Value USD,USV-USD,2023-05-03,11.113368034362791,21.6333122253418,11.113368034362791,12.216126441955566,12.216126441955566,316
Universal Store of Value USD,USV-USD,2023-05-04,12.170428276062012,12.79133415222168,12.148645401000977,12.760871887207031,12.760871887207031,17
Universal Store of Value USD,USV-USD,2023-05-05,12.760724067687988,13.524989128112791,12.690022468566896,12.87378215789795,12.87378215789795,438
Universal Store of Value USD,USV-USD,2023-05-06,12.80046558380127,13.185941696166992,12.623204231262209,13.003024101257324,13.003024101257324,54
Universal Store of Value USD,USV-USD,2023-05-07,13.001531600952148,21.833738327026367,12.320792198181152,12.49513339996338,12.49513339996338,96
Universal Store of Value USD,USV-USD,2023-05-08,12.496521949768066,18.29925537109375,10.719215393066406,10.732054710388184,10.732054710388184,87
Universal Store of Value USD,USV-USD,2023-05-09,10.733177185058594,12.724395751953123,10.680678367614746,11.67025375366211,11.67025375366211,143
Universal Store of Value USD,USV-USD,2023-05-10,11.671545028686523,12.48815631866455,11.595975875854492,12.451300621032717,12.451300621032717,350
Universal Store of Value USD,USV-USD,2023-05-11,12.45277976989746,13.867785453796388,10.1861572265625,10.413055419921877,10.413055419921877,88
Universal Store of Value USD,USV-USD,2023-05-12,10.41472339630127,20.71832656860352,10.16425609588623,10.920236587524414,10.920236587524414,123
Universal Store of Value USD,USV-USD,2023-05-13,10.919182777404783,10.945261001586914,10.519013404846191,10.521102905273438,10.521102905273438,4
Universal Store of Value USD,USV-USD,2023-05-14,10.52094268798828,12.973974227905272,10.51935577392578,11.885261535644531,11.885261535644531,131
Universal Store of Value USD,USV-USD,2023-05-15,11.885974884033203,15.015138626098633,11.715785026550291,14.481160163879396,14.481160163879396,514
Universal Store of Value USD,USV-USD,2023-05-16,14.412352561950684,14.424811363220217,12.465237617492676,12.653114318847656,12.653114318847656,109
Universal Store of Value USD,USV-USD,2023-05-17,12.654699325561523,12.724841117858888,11.111252784729004,11.623087882995604,11.623087882995604,128
Universal Store of Value USD,USV-USD,2023-05-18,11.621371269226074,21.6906795501709,11.621371269226074,21.662586212158203,21.662586212158203,0
Universal Store of Value USD,USV-USD,2023-05-19,21.662586212158203,21.662586212158203,21.662586212158203,21.662586212158203,21.662586212158203,0
Universal Store of Value USD,USV-USD,2023-05-20,21.662586212158203,21.662586212158203,10.588027954101562,14.170259475708008,14.170259475708008,235
Universal Store of Value USD,USV-USD,2023-05-21,14.17227268218994,14.291653633117676,9.980907440185549,10.10059642791748,10.10059642791748,64
Universal Store of Value USD,USV-USD,2023-05-22,10.1002197265625,19.448484420776367,10.1002197265625,12.580944061279297,12.580944061279297,313
Universal Store of Value USD,USV-USD,2023-05-23,12.579889297485352,14.661149978637695,9.90466022491455,9.90466022491455,9.90466022491455,130
Universal Store of Value USD,USV-USD,2023-05-24,9.905116081237791,11.31162929534912,9.904444694519045,10.81955623626709,10.81955623626709,161
Universal Store of Value USD,USV-USD,2023-05-25,10.8201322555542,19.877723693847656,10.81897258758545,19.85562324523925,19.85562324523925,17
Universal Store of Value USD,USV-USD,2023-05-26,19.856365203857425,19.856365203857425,9.790560722351074,10.216649055480955,10.216649055480955,57
Universal Store of Value USD,USV-USD,2023-05-27,10.21640968322754,19.70742416381836,10.213420867919922,11.71836757659912,11.71836757659912,67
Universal Store of Value USD,USV-USD,2023-05-28,11.718746185302734,11.746954917907717,11.019563674926758,11.137638092041016,11.137638092041016,56
Universal Store of Value USD,USV-USD,2023-05-29,11.137286186218262,11.828548431396484,10.849183082580566,11.572486877441406,11.572486877441406,34
Universal Store of Value USD,USV-USD,2023-05-30,11.57161808013916,11.583185195922852,11.512860298156738,11.571029663085938,11.571029663085938,0
Universal Store of Value USD,USV-USD,2023-05-31,11.571029663085938,16.248750686645508,9.728605270385742,10.158275604248049,10.158275604248049,67
Universal Store of Value USD,USV-USD,2023-06-01,10.160064697265623,10.74382781982422,10.119458198547363,10.573469161987305,10.573469161987305,180
Universal Store of Value USD,USV-USD,2023-06-02,10.573094367980955,19.187477111816406,9.775105476379396,9.81226634979248,9.81226634979248,535
Universal Store of Value USD,USV-USD,2023-06-03,9.8121337890625,10.934137344360352,9.023941040039062,9.546278953552246,9.546278953552246,489
Universal Store of Value USD,USV-USD,2023-06-04,9.546401023864746,10.491053581237791,8.890054702758789,10.371360778808594,10.371360778808594,29
Universal Store of Value USD,USV-USD,2023-06-05,10.36981964111328,10.36981964111328,9.473315238952637,9.55372714996338,9.55372714996338,80
Universal Store of Value USD,USV-USD,2023-06-06,9.546319007873535,10.030765533447266,9.41383934020996,9.946026802062988,9.946026802062988,79
Universal Store of Value USD,USV-USD,2023-06-07,9.946693420410156,10.215371131896973,8.750433921813965,8.753146171569824,8.753146171569824,253
Universal Store of Value USD,USV-USD,2023-06-08,8.753170013427734,16.99282455444336,8.74398136138916,9.35245418548584,9.35245418548584,95
Universal Store of Value USD,USV-USD,2023-06-09,9.35286808013916,16.922990798950195,8.493768692016602,9.258527755737305,9.258527755737305,59
Universal Store of Value USD,USV-USD,2023-06-10,9.25821590423584,11.79087734222412,8.482963562011719,11.75317096710205,11.75317096710205,433
Universal Store of Value USD,USV-USD,2023-06-11,11.751325607299805,11.751325607299805,8.075778007507324,8.855691909790039,8.855691909790039,114
Universal Store of Value USD,USV-USD,2023-06-12,8.852054595947266,13.855241775512695,7.170651912689209,7.321770191192627,7.321770191192627,2725
Universal Store of Value USD,USV-USD,2023-06-13,7.322426795959473,9.24422836303711,7.092268943786621,9.242114067077637,9.242114067077637,394
Universal Store of Value USD,USV-USD,2023-06-14,9.241962432861328,9.394556045532228,8.260361671447754,8.79578971862793,8.79578971862793,89
Universal Store of Value USD,USV-USD,2023-06-15,8.794295310974121,8.81491756439209,7.00459098815918,7.00572395324707,7.00572395324707,21
Universal Store of Value USD,USV-USD,2023-06-16,7.005839824676514,7.430171966552734,7.00125789642334,7.402904033660889,7.402904033660889,337
Universal Store of Value USD,USV-USD,2023-06-17,7.402852058410644,15.77802276611328,7.402852058410644,7.831448078155518,7.831448078155518,8185
Universal Store of Value USD,USV-USD,2023-06-18,7.830111980438232,15.134984016418455,7.815308094024658,15.134984016418455,15.134984016418455,0
Universal Store of Value USD,USV-USD,2023-06-19,15.134984016418455,15.134984016418455,8.701557159423828,8.79111385345459,8.79111385345459,117
Universal Store of Value USD,USV-USD,2023-06-20,8.791428565979004,8.809534072875977,8.102545738220215,8.77272891998291,8.77272891998291,67
Universal Store of Value USD,USV-USD,2023-06-21,8.78689193725586,8.995917320251465,8.58781623840332,8.967941284179688,8.967941284179688,74
Universal Store of Value USD,USV-USD,2023-06-22,8.966739654541016,12.111190795898438,7.420473098754883,7.932723999023437,7.932723999023437,81
Universal Store of Value USD,USV-USD,2023-06-23,7.932464122772217,10.594143867492676,7.327898979187012,7.399417877197266,7.399417877197266,57
Universal Store of Value USD,USV-USD,2023-06-24,7.403415203094482,9.631817817687988,7.382833957672119,7.394107818603516,7.394107818603516,0
Universal Store of Value USD,USV-USD,2023-06-25,7.394107818603516,14.532678604125977,7.394107818603516,14.137735366821287,14.137735366821287,234
Universal Store of Value USD,USV-USD,2023-06-26,14.139446258544922,15.03392505645752,7.270870208740234,7.271879196166992,7.271879196166992,47
Universal Store of Value USD,USV-USD,2023-06-27,7.2725958824157715,8.777379989624023,7.1808037757873535,8.736982345581055,8.736982345581055,14
Universal Store of Value USD,USV-USD,2023-06-28,8.73779296875,11.59203052520752,7.1151652336120605,7.443793773651123,7.443793773651123,35
Universal Store of Value USD,USV-USD,2023-06-29,7.443927764892578,11.431482315063477,7.439560890197754,8.735468864440918,8.735468864440918,13
Universal Store of Value USD,USV-USD,2023-06-30,8.704080581665039,10.361492156982422,7.163116931915283,9.692376136779783,9.692376136779783,119
Universal Store of Value USD,USV-USD,2023-07-01,9.690560340881348,9.758605003356934,7.91426420211792,8.081908226013184,8.081908226013184,100
Universal Store of Value USD,USV-USD,2023-07-02,8.925867080688477,12.043537139892578,8.92424201965332,9.127573013305664,9.127573013305664,26
Universal Store of Value USD,USV-USD,2023-07-03,9.130372047424316,9.34786891937256,7.477527141571045,7.504185199737549,7.504185199737549,22
Universal Store of Value USD,USV-USD,2023-07-04,7.504187107086182,9.070364952087402,7.455109119415283,8.73209285736084,8.73209285736084,41
Universal Store of Value USD,USV-USD,2023-07-05,8.733779907226562,8.76729679107666,8.058903694152832,8.23189926147461,8.23189926147461,98
Universal Store of Value USD,USV-USD,2023-07-06,8.231141090393066,8.54185962677002,7.314586162567139,7.314586162567139,7.314586162567139,0
Universal Store of Value USD,USV-USD,2023-07-07,7.314586162567139,7.314586162567139,7.189661026000977,7.262618064880371,7.262618064880371,16
Universal Store of Value USD,USV-USD,2023-07-08,7.261673927307129,13.185124397277832,7.261673927307129,11.64902400970459,11.64902400970459,51
Universal Store of Value USD,USV-USD,2023-07-09,11.64902400970459,15.597132682800291,7.294403076171875,15.57470989227295,15.57470989227295,15
Universal Store of Value USD,USV-USD,2023-07-10,15.565664291381836,15.56905460357666,7.267551898956299,7.402516841888428,7.402516841888428,48
Universal Store of Value USD,USV-USD,2023-07-11,7.402516841888428,9.196949005126951,7.399366855621338,7.404613018035889,7.404613018035889,0
Universal Store of Value USD,USV-USD,2023-07-12,7.404613018035889,15.343305587768556,7.404613018035889,14.376583099365234,14.376583099365234,16
Universal Store of Value USD,USV-USD,2023-07-13,14.375569343566896,14.386801719665527,7.428813934326172,7.584633827209473,7.584633827209473,70
Universal Store of Value USD,USV-USD,2023-07-14,7.58226203918457,16.14833641052246,7.578199863433838,13.944104194641112,13.944104194641112,118
Universal Store of Value USD,USV-USD,2023-07-15,13.93873119354248,14.1910400390625,7.500578880310059,12.670208930969238,12.670208930969238,19
Universal Store of Value USD,USV-USD,2023-07-16,12.677090644836426,15.88735008239746,7.4215497970581055,10.199134826660156,10.199134826660156,16
Universal Store of Value USD,USV-USD,2023-07-17,10.19870662689209,10.205106735229492,7.316500186920166,9.091110229492188,9.091110229492188,126
Universal Store of Value USD,USV-USD,2023-07-18,7.328743934631348,7.335647106170654,7.3017578125,7.320497035980225,7.320497035980225,2
Universal Store of Value USD,USV-USD,2023-07-19,7.320210933685303,7.327253818511963,7.258312225341797,7.262153148651123,7.262153148651123,8
Universal Store of Value USD,USV-USD,2023-07-20,7.264395236968994,7.316214084625244,7.257518768310547,7.309352874755859,7.309352874755859,9
Universal Store of Value USD,USV-USD,2023-07-21,7.309545040130615,7.309545040130615,7.306790828704834,7.306790828704834,7.306790828704834,0
Universal Store of Value USD,USV-USD,2023-07-22,7.306790828704834,7.306790828704834,7.225811958312988,7.230465888977051,7.230465888977051,16
Universal Store of Value USD,USV-USD,2023-07-23,7.230863094329834,7.26491117477417,7.186957836151123,7.260695934295654,7.260695934295654,9
Universal Store of Value USD,USV-USD,2023-07-24,7.259703159332275,13.000581741333008,7.158933162689209,7.18009614944458,7.18009614944458,67
Universal Store of Value USD,USV-USD,2023-07-25,7.180458068847656,7.189080238342285,7.1470441818237305,7.166038990020752,7.166038990020752,0
Universal Store of Value USD,USV-USD,2023-07-26,7.166038990020752,15.282580375671388,7.166038990020752,15.260279655456545,15.260279655456545,21
Universal Store of Value USD,USV-USD,2023-07-27,15.246903419494627,15.286907196044922,15.216629981994627,15.267404556274414,15.267404556274414,0
Universal Store of Value USD,USV-USD,2023-07-28,15.267404556274414,15.287163734436035,15.178967475891112,15.19932746887207,15.19932746887207,16
Universal Store of Value USD,USV-USD,2023-07-29,15.200030326843262,15.200030326843262,15.200030326843262,15.200030326843262,15.200030326843262,0
Universal Store of Value USD,USV-USD,2023-07-30,15.200030326843262,15.200030326843262,7.147187232971191,7.149691104888916,7.149691104888916,2
Universal Store of Value USD,USV-USD,2023-07-31,7.148999214172363,7.15697717666626,7.100226879119873,7.103596210479736,7.103596210479736,6
Universal Store of Value USD,USV-USD,2023-08-01,7.103684902191162,7.109614849090576,7.100231170654297,7.102970123291016,7.102970123291016,0
Universal Store of Value USD,USV-USD,2023-08-02,7.102970123291016,15.065305709838867,7.102970123291016,12.240965843200684,12.240965843200684,18
Universal Store of Value USD,USV-USD,2023-08-03,12.240965843200684,12.258901596069336,7.059416770935059,7.059416770935059,7.059416770935059,0
Universal Store of Value USD,USV-USD,2023-08-04,7.059416770935059,10.27976131439209,7.01464319229126,10.268930435180664,10.268930435180664,13
Universal Store of Value USD,USV-USD,2023-08-05,10.270526885986328,14.981189727783203,7.012069225311279,7.013035774230957,7.013035774230957,0
Universal Store of Value USD,USV-USD,2023-08-06,7.012596130371094,7.012596130371094,7.012596130371094,7.012596130371094,7.012596130371094,0
Universal Store of Value USD,USV-USD,2023-08-07,7.012596130371094,7.012596130371094,7.012596130371094,7.012596130371094,7.012596130371094,0
Universal Store of Value USD,USV-USD,2023-08-08,7.012596130371094,7.039790153503418,7.012596130371094,7.034643173217773,7.034643173217773,2
Universal Store of Value USD,USV-USD,2023-08-09,7.034462928771973,7.037965774536133,7.031527042388916,7.034090042114258,7.034090042114258,0
Universal Store of Value USD,USV-USD,2023-08-10,7.034090042114258,7.034090042114258,7.034090042114258,7.034090042114258,7.034090042114258,0
Universal Store of Value USD,USV-USD,2023-08-11,7.034090042114258,7.034090042114258,7.034090042114258,7.034090042114258,7.034090042114258,0
Universal Store of Value USD,USV-USD,2023-08-12,7.034090042114258,7.034090042114258,7.034090042114258,7.034090042114258,7.034090042114258,0
Universal Store of Value USD,USV-USD,2023-08-13,7.034090042114258,7.034090042114258,7.034090042114258,7.034090042114258,7.034090042114258,0
Universal Store of Value USD,USV-USD,2023-08-14,7.034090042114258,7.034090042114258,7.034090042114258,7.034090042114258,7.034090042114258,0
Universal Store of Value USD,USV-USD,2023-08-15,7.034090042114258,7.034090042114258,6.881916046142578,6.882431983947754,6.882431983947754,16
Universal Store of Value USD,USV-USD,2023-08-16,6.882493019104004,6.884696006774902,6.842568874359131,6.844456195831299,6.844456195831299,4
Universal Store of Value USD,USV-USD,2023-08-17,6.844027996063232,6.84834623336792,6.634488105773926,6.6902289390563965,6.6902289390563965,30
Universal Store of Value USD,USV-USD,2023-08-18,6.691341876983643,6.764519214630127,6.665588855743408,6.668385028839111,6.668385028839111,25
Universal Store of Value USD,USV-USD,2023-08-19,6.66842794418335,6.671666145324707,6.626010894775391,6.627270221710205,6.627270221710205,5
Universal Store of Value USD,USV-USD,2023-08-20,6.628015041351318,6.629618167877197,6.625601768493652,6.627120018005371,6.627120018005371,0
Universal Store of Value USD,USV-USD,2023-08-21,6.627120018005371,6.627120018005371,6.553092002868652,6.603036880493164,6.603036880493164,20
Universal Store of Value USD,USV-USD,2023-08-22,6.60337495803833,6.604517936706543,6.52738618850708,6.528225898742676,6.528225898742676,10
Universal Store of Value USD,USV-USD,2023-08-23,6.529991149902344,6.5981621742248535,6.527037143707275,6.579336166381836,6.579336166381836,18
Universal Store of Value USD,USV-USD,2023-08-24,6.580169200897217,6.581174850463867,6.5262451171875,6.527696132659912,6.527696132659912,5
Universal Store of Value USD,USV-USD,2023-08-25,6.526771068572998,6.530105113983154,6.525901794433594,6.527430057525635,6.527430057525635,0
Universal Store of Value USD,USV-USD,2023-08-26,6.527430057525635,6.527430057525635,6.527430057525635,6.527430057525635,6.527430057525635,0
Universal Store of Value USD,USV-USD,2023-08-27,6.527430057525635,6.527430057525635,6.527430057525635,6.527430057525635,6.527430057525635,0
Universal Store of Value USD,USV-USD,2023-08-28,6.527430057525635,6.527430057525635,6.527430057525635,6.527430057525635,6.527430057525635,0
Universal Store of Value USD,USV-USD,2023-08-29,6.527430057525635,6.660308837890625,6.527430057525635,6.648860931396484,6.648860931396484,15
Universal Store of Value USD,USV-USD,2023-08-30,6.648909091949463,6.653567790985107,6.599967002868652,6.603631019592285,6.603631019592285,6
Universal Store of Value USD,USV-USD,2023-08-31,6.603750228881836,6.606411933898926,6.543950080871582,6.545770168304443,6.545770168304443,7
Universal Store of Value USD,USV-USD,2023-09-01,6.546175003051758,6.590868949890137,6.541652202606201,6.58800220489502,6.58800220489502,7
Universal Store of Value USD,USV-USD,2023-09-02,6.58841609954834,6.667117118835449,6.586044788360596,6.66588306427002,6.66588306427002,10
Universal Store of Value USD,USV-USD,2023-09-03,6.666364192962647,6.669716835021973,6.664906978607178,6.666615962982178,6.666615962982178,0
Universal Store of Value USD,USV-USD,2023-09-04,6.666615962982178,6.670402050018311,6.66620683670044,6.667994022369385,6.667994022369385,2
Universal Store of Value USD,USV-USD,2023-09-05,6.667712211608887,6.760608196258545,6.667712211608887,6.691117763519287,6.691117763519287,31
Universal Store of Value USD,USV-USD,2023-09-06,6.690946102142334,6.6932878494262695,6.614386081695557,6.61702299118042,6.61702299118042,11
Universal Store of Value USD,USV-USD,2023-09-07,6.616741180419922,6.6168060302734375,6.616741180419922,6.6168060302734375,6.6168060302734375,0
Universal Store of Value USD,USV-USD,2023-09-08,6.6168060302734375,6.642124176025391,6.587419033050537,6.587533950805664,6.587533950805664,16
Universal Store of Value USD,USV-USD,2023-09-09,6.587869167327881,6.602197170257568,6.534585952758789,6.535318851470947,6.535318851470947,13
Universal Store of Value USD,USV-USD,2023-09-10,6.535412788391113,6.538445949554443,6.534603118896484,6.53740119934082,6.53740119934082,0
Universal Store of Value USD,USV-USD,2023-09-11,6.53740119934082,6.53740119934082,6.469904899597168,6.471536159515381,6.471536159515381,5
Universal Store of Value USD,USV-USD,2023-09-12,6.4712910652160645,6.476119995117188,6.421192169189453,6.422465801239014,6.422465801239014,6
Universal Store of Value USD,USV-USD,2023-09-13,6.42225980758667,6.51627779006958,6.320058822631836,6.320292949676514,6.320292949676514,63
Universal Store of Value USD,USV-USD,2023-09-14,6.319997310638428,6.32211971282959,6.276915550231934,6.276915550231934,6.276915550231934,17
Universal Store of Value USD,USV-USD,2023-09-15,6.129195213317871,6.163488864898682,6.090757846832275,6.091811180114746,6.091811180114746,37
Universal Store of Value USD,USV-USD,2023-09-16,6.055590152740479,6.055590152740479,6.053903102874756,6.053903102874756,6.053903102874756,26
Universal Store of Value USD,USV-USD,2023-09-17,6.055590152740479,6.058018684387207,6.053481578826904,6.055127143859863,6.055127143859863,6
Universal Store of Value USD,USV-USD,2023-09-18,6.055127143859863,6.055127143859863,6.023716926574707,6.025033950805664,6.025033950805664,4
Universal Store of Value USD,USV-USD,2023-09-19,6.025033950805664,6.096604824066162,6.022941112518311,6.09369421005249,6.09369421005249,8
Universal Store of Value USD,USV-USD,2023-09-21,6.09369421005249,6.09369421005249,6.09369421005249,6.09369421005249,6.09369421005249,8
Universal Store of Value USD,USV-USD,2023-09-22,6.054944515228272,6.056714057922363,6.054944515228272,6.056714057922363,6.056714057922363,4
Universal Store of Value USD,USV-USD,2023-09-24,6.089262008666992,6.191420555114746,6.089262008666992,6.140244483947754,6.140244483947754,45
Universal Store of Value USD,USV-USD,2023-09-25,6.089262008666992,6.191420555114746,6.089262008666992,6.102290630340576,6.102290630340576,46
Universal Store of Value USD,USV-USD,2023-09-20,6.09369421005249,6.09369421005249,6.09369421005249,6.09369421005249,6.09369421005249,0
Universal Store of Value USD,USV-USD,2023-09-23,6.055415153503418,6.090890884399414,6.055415153503418,6.089262008666992,6.089262008666992,4
Universal Store of Value USD,USV-USD,2023-09-26,6.059659957885742,6.059659957885742,6.059320449829102,6.059320449829102,6.059320449829102,4
Universal Store of Value USD,USV-USD,2023-09-27,6.059320449829102,6.059320449829102,6.059320449829102,6.059320449829102,6.059320449829102,4
Universal Store of Value USD,USV-USD,2023-09-28,6.059320449829102,6.090658187866211,6.059320449829102,6.086315155029297,6.086315155029297,65
Universal Store of Value USD,USV-USD,2023-09-29,6.086143493652344,6.088169097900391,6.051945209503174,6.066678047180176,6.066678047180176,2
Universal Store of Value USD,USV-USD,2023-09-30,6.065629005432129,6.065806865692139,6.065629005432129,6.065806865692139,6.065806865692139,2
Universal Store of Value USD,USV-USD,2023-10-01,6.065806865692139,6.101794242858887,6.065806865692139,6.098573207855225,6.098573207855225,3
Universal Store of Value USD,USV-USD,2023-10-02,6.099653720855713,6.100322246551514,6.059453010559082,6.059909820556641,6.059909820556641,4
Universal Store of Value USD,USV-USD,2023-10-03,6.060932636260986,6.1052327156066895,6.057342052459717,6.102433204650879,6.102433204650879,6
